0,3.757842540740967 
0,3.752633571624756 
0,3.7400333881378174 
0,3.698922634124756 
0,3.6859776973724365 
0,3.6852917671203613 
0,3.6776115894317627 
0,3.6798553466796875 
0,3.675490140914917 
0,3.680182456970215 
0,3.6699469089508057 
0,3.67907452583313 
0,3.6778008937835693 
0,3.6656389236450195 
0,3.671978712081909 
0,3.6709671020507812 
0,3.671712636947632 
0,3.667531728744507 
0,3.687286853790283 
0,3.685915231704712 
0,3.662881374359131 
0,3.669423818588257 
0,3.680528402328491 
0,3.678145170211792 
0,3.669745445251465 
0,3.6583616733551025 
0,3.680690288543701 
0,3.664543867111206 
0,3.6684319972991943 
0,3.6584551334381104 
0,3.672791004180908 
0,3.6624326705932617 
0,3.6715505123138428 
0,3.673454999923706 
0,3.67551851272583 
0,3.666940927505493 
0,3.66471266746521 
0,3.66154408454895 
0,3.6735105514526367 
0,3.6752002239227295 
0,3.670701742172241 
0,3.676112651824951 
0,3.6659977436065674 
0,3.672142505645752 
0,3.654717206954956 
0,3.657510995864868 
0,3.6698193550109863 
0,3.670100212097168 
0,3.6720635890960693 
0,3.6681978702545166 
0,3.6643190383911133 
0,3.6728336811065674 
0,3.663774013519287 
0,3.667302370071411 
0,3.6755688190460205 
0,3.6724984645843506 
0,3.6744604110717773 
0,3.663273334503174 
0,3.6637017726898193 
0,3.6592795848846436 
0,3.6633245944976807 
0,3.6722826957702637 
1,3.669253349304199 
1,3.665314197540283 
1,3.6619465351104736 
1,3.6776206493377686 
1,3.669672727584839 
1,3.663019895553589 
1,3.662104368209839 
1,3.657863140106201 
1,3.670909881591797 
1,3.6672050952911377 
1,3.662238359451294 
1,3.6675426959991455 
1,3.6556029319763184 
1,3.6588714122772217 
1,3.6630043983459473 
1,3.68695068359375 
1,3.663581132888794 
1,3.6735808849334717 
1,3.6680586338043213 
1,3.666623115539551 
1,3.6817944049835205 
1,3.6608664989471436 
1,3.6563560962677 
1,3.6616051197052 
1,3.6714959144592285 
1,3.6672911643981934 
1,3.6578338146209717 
1,3.6641228199005127 
1,3.6725902557373047 
1,3.6652724742889404 
1,3.6691770553588867 
1,3.667412042617798 
1,3.659686803817749 
1,3.6595287322998047 
1,3.6642448902130127 
1,3.658698558807373 
1,3.6662473678588867 
1,3.67342209815979 
1,3.668931484222412 
1,3.6707332134246826 
1,3.6630938053131104 
1,3.6697776317596436 
1,3.6657042503356934 
1,3.6725547313690186 
1,3.670361280441284 
1,3.66259765625 
1,3.661078453063965 
1,3.6593620777130127 
1,3.667750358581543 
1,3.6759605407714844 
1,3.681793212890625 
1,3.6685802936553955 
1,3.6686930656433105 
1,3.6690142154693604 
1,3.670738697052002 
1,3.6711266040802 
1,3.6647584438323975 
1,3.6707987785339355 
1,3.6634724140167236 
1,3.665229320526123 
1,3.661952495574951 
1,3.687692403793335 
2,3.6677539348602295 
2,3.6571171283721924 
2,3.674666166305542 
2,3.6674342155456543 
2,3.66021990776062 
2,3.6615803241729736 
2,3.6604576110839844 
2,3.668114185333252 
2,3.6684060096740723 
2,3.658564329147339 
2,3.669132947921753 
2,3.6733219623565674 
2,3.6532323360443115 
2,3.6726949214935303 
2,3.6532580852508545 
2,3.658902883529663 
2,3.671437978744507 
2,3.6766984462738037 
2,3.66422963142395 
2,3.6578948497772217 
2,3.6611735820770264 
2,3.656090021133423 
2,3.6724226474761963 
2,3.658602237701416 
2,3.6661934852600098 
2,3.6661171913146973 
2,3.667055606842041 
2,3.65981125831604 
2,3.663289785385132 
2,3.6701791286468506 
2,3.662327527999878 
2,3.6614110469818115 
2,3.663433074951172 
2,3.6614339351654053 
2,3.6568596363067627 
2,3.662726402282715 
2,3.657971143722534 
2,3.664652109146118 
2,3.6502749919891357 
2,3.6591269969940186 
2,3.6641430854797363 
2,3.6740310192108154 
2,3.6665470600128174 
2,3.6730456352233887 
2,3.6595375537872314 
2,3.664280891418457 
2,3.657939910888672 
2,3.677842378616333 
2,3.652513265609741 
2,3.6622815132141113 
2,3.6649158000946045 
2,3.6748292446136475 
2,3.662349224090576 
2,3.662452220916748 
2,3.6760356426239014 
2,3.675708293914795 
2,3.671659231185913 
2,3.6793136596679688 
2,3.6591570377349854 
2,3.6755406856536865 
2,3.6688952445983887 
2,3.663257122039795 
2,3.66939115524292 
3,3.66369366645813 
3,3.6656510829925537 
3,3.6599059104919434 
3,3.6664836406707764 
3,3.665562629699707 
3,3.668667793273926 
3,3.6632068157196045 
3,3.6624858379364014 
3,3.6715941429138184 
3,3.667182445526123 
3,3.65712571144104 
3,3.662991762161255 
3,3.658439874649048 
3,3.668731927871704 
3,3.6680195331573486 
3,3.6726040840148926 
3,3.667912483215332 
3,3.658092498779297 
3,3.6586265563964844 
3,3.669316291809082 
3,3.6562695503234863 
3,3.665794610977173 
3,3.671879291534424 
3,3.661933422088623 
3,3.6745104789733887 
3,3.664618492126465 
3,3.6630613803863525 
3,3.6609907150268555 
3,3.65596604347229 
3,3.662921667098999 
3,3.665468692779541 
3,3.6684789657592773 
3,3.6624183654785156 
3,3.667936325073242 
3,3.655113935470581 
3,3.6653642654418945 
3,3.6655502319335938 
3,3.659959077835083 
3,3.6620941162109375 
3,3.6564531326293945 
3,3.676147699356079 
3,3.6635961532592773 
3,3.652883291244507 
3,3.6676223278045654 
3,3.659816265106201 
3,3.671969413757324 
3,3.669950246810913 
3,3.6565260887145996 
3,3.6578080654144287 
3,3.657128095626831 
3,3.662653684616089 
3,3.65879487991333 
3,3.6603782176971436 
3,3.669661283493042 
3,3.657227039337158 
3,3.6614906787872314 
3,3.6649322509765625 
3,3.665926933288574 
3,3.6563069820404053 
3,3.650517463684082 
3,3.66062068939209 
3,3.658761501312256 
4,3.6607666015625 
4,3.6584341526031494 
4,3.667680501937866 
4,3.666496992111206 
4,3.663881778717041 
4,3.6644139289855957 
4,3.6607582569122314 
4,3.6606881618499756 
4,3.658233642578125 
4,3.6584861278533936 
4,3.664053201675415 
4,3.6619420051574707 
4,3.670616388320923 
4,3.6573381423950195 
4,3.661625385284424 
4,3.653719902038574 
4,3.6559700965881348 
4,3.672858238220215 
4,3.6553683280944824 
4,3.6664886474609375 
4,3.667117118835449 
4,3.6628918647766113 
4,3.658482551574707 
4,3.648054838180542 
4,3.675694465637207 
4,3.6588706970214844 
4,3.648955821990967 
4,3.6593360900878906 
4,3.6619505882263184 
4,3.663928508758545 
4,3.659308910369873 
4,3.664262533187866 
4,3.6633033752441406 
4,3.6605191230773926 
4,3.6580216884613037 
4,3.6610260009765625 
4,3.6594948768615723 
4,3.6641478538513184 
4,3.6532740592956543 
4,3.661477565765381 
4,3.655426025390625 
4,3.658795118331909 
4,3.6597914695739746 
4,3.6617064476013184 
4,3.6614739894866943 
4,3.658498764038086 
4,3.6654555797576904 
4,3.6697771549224854 
4,3.6611125469207764 
4,3.6615898609161377 
4,3.66436767578125 
4,3.66890025138855 
4,3.6543376445770264 
4,3.6698896884918213 
4,3.6610937118530273 
4,3.6581695079803467 
4,3.652780055999756 
4,3.660709857940674 
4,3.66363263130188 
4,3.6697938442230225 
4,3.6521947383880615 
4,3.6623713970184326 
4,3.6663646697998047 
5,3.6665432453155518 
5,3.666058301925659 
5,3.657865285873413 
5,3.6569976806640625 
5,3.6640498638153076 
5,3.650956392288208 
5,3.6710705757141113 
5,3.657139778137207 
5,3.650928020477295 
5,3.656001091003418 
5,3.660470724105835 
5,3.6645078659057617 
5,3.662043333053589 
5,3.659884452819824 
5,3.663914680480957 
5,3.6727874279022217 
5,3.65421199798584 
5,3.6621835231781006 
5,3.65781307220459 
5,3.661602735519409 
5,3.65278959274292 
5,3.666524648666382 
5,3.657794952392578 
5,3.658020257949829 
5,3.6599621772766113 
5,3.6595659255981445 
5,3.666196823120117 
5,3.6586577892303467 
5,3.668030261993408 
5,3.655255079269409 
5,3.6581664085388184 
5,3.660159111022949 
5,3.6541666984558105 
5,3.6583635807037354 
5,3.6622111797332764 
5,3.6570022106170654 
5,3.6606740951538086 
5,3.6560239791870117 
5,3.6579535007476807 
5,3.655768394470215 
5,3.65380597114563 
5,3.6662473678588867 
5,3.6577982902526855 
5,3.6662840843200684 
5,3.6635029315948486 
5,3.6627941131591797 
5,3.6527698040008545 
5,3.6559865474700928 
5,3.675004482269287 
5,3.667418956756592 
5,3.6613121032714844 
5,3.6574480533599854 
5,3.674959421157837 
5,3.6520185470581055 
5,3.6655375957489014 
5,3.6503005027770996 
5,3.6543567180633545 
5,3.6590898036956787 
5,3.663783073425293 
5,3.652912139892578 
5,3.6541194915771484 
5,3.663722038269043 
6,3.654792308807373 
6,3.6632871627807617 
6,3.6617424488067627 
6,3.667794704437256 
6,3.661569833755493 
6,3.6617307662963867 
6,3.6685922145843506 
6,3.651026487350464 
6,3.65655517578125 
6,3.651088237762451 
6,3.6505959033966064 
6,3.6628825664520264 
6,3.6590187549591064 
6,3.661001205444336 
6,3.655660390853882 
6,3.6734819412231445 
6,3.667731285095215 
6,3.671626567840576 
6,3.6641042232513428 
6,3.6516411304473877 
6,3.6535682678222656 
6,3.65830659866333 
6,3.65783429145813 
6,3.6478168964385986 
6,3.674927234649658 
6,3.6547553539276123 
6,3.6583170890808105 
6,3.6553187370300293 
6,3.648752450942993 
6,3.6622538566589355 
6,3.6511526107788086 
6,3.671590566635132 
6,3.6592092514038086 
6,3.664018154144287 
6,3.657864809036255 
6,3.6603331565856934 
6,3.654994487762451 
6,3.6453404426574707 
6,3.65946888923645 
6,3.660295248031616 
6,3.6566996574401855 
6,3.658329725265503 
6,3.6626250743865967 
6,3.6666319370269775 
6,3.655904531478882 
6,3.6564712524414062 
6,3.656738758087158 
6,3.645966053009033 
6,3.6696605682373047 
6,3.658151388168335 
6,3.665140390396118 
6,3.6632299423217773 
6,3.655863046646118 
6,3.6512882709503174 
6,3.642185926437378 
6,3.658705472946167 
6,3.666175127029419 
6,3.6660358905792236 
6,3.661731719970703 
6,3.652050733566284 
6,3.6715965270996094 
6,3.65411114692688 
7,3.658384084701538 
7,3.66363263130188 
7,3.6670873165130615 
7,3.6657555103302 
7,3.6607091426849365 
7,3.6488425731658936 
7,3.658862829208374 
7,3.6590654850006104 
7,3.667948007583618 
7,3.649819850921631 
7,3.6624419689178467 
7,3.675523281097412 
7,3.662912607192993 
7,3.654905319213867 
7,3.653179168701172 
7,3.662108898162842 
7,3.6576101779937744 
7,3.6657626628875732 
7,3.6696527004241943 
7,3.657097101211548 
7,3.655330181121826 
7,3.6617431640625 
7,3.6639811992645264 
7,3.6583375930786133 
7,3.6500420570373535 
7,3.6533706188201904 
7,3.6697587966918945 
7,3.649951457977295 
7,3.660282850265503 
7,3.655280113220215 
7,3.6597890853881836 
7,3.6548452377319336 
7,3.651787281036377 
7,3.6635494232177734 
7,3.666198968887329 
7,3.658877372741699 
7,3.6648495197296143 
7,3.6561591625213623 
7,3.656460762023926 
7,3.662747621536255 
7,3.661112070083618 
7,3.66483211517334 
7,3.6622517108917236 
7,3.666295051574707 
7,3.659729480743408 
7,3.662630558013916 
7,3.655803680419922 
7,3.6629762649536133 
7,3.6543776988983154 
7,3.6570231914520264 
7,3.6535723209381104 
7,3.653251886367798 
7,3.6621251106262207 
7,3.6617350578308105 
7,3.658729076385498 
7,3.659111261367798 
7,3.655980110168457 
7,3.6608619689941406 
7,3.653160572052002 
7,3.6592233180999756 
7,3.658109664916992 
7,3.6508593559265137 
7,3.654696226119995 
8,3.65116286277771 
8,3.6534037590026855 
8,3.6642251014709473 
8,3.664025068283081 
8,3.6647393703460693 
8,3.659121513366699 
8,3.649420738220215 
8,3.6717185974121094 
8,3.6552202701568604 
8,3.651040554046631 
8,3.6566107273101807 
8,3.6536712646484375 
8,3.651029586791992 
8,3.656428337097168 
8,3.6593077182769775 
8,3.651156187057495 
8,3.6620147228240967 
8,3.6607277393341064 
8,3.6592297554016113 
8,3.6606833934783936 
8,3.6621084213256836 
8,3.661513090133667 
8,3.6511757373809814 
8,3.652146816253662 
8,3.6559178829193115 
8,3.656167507171631 
8,3.6603779792785645 
8,3.660411834716797 
8,3.6633877754211426 
8,3.657804489135742 
8,3.657360792160034 
8,3.6563191413879395 
8,3.663127899169922 
8,3.653517484664917 
8,3.675002336502075 
8,3.66424298286438 
8,3.673366069793701 
8,3.6503255367279053 
8,3.662083625793457 
8,3.6456379890441895 
8,3.6606335639953613 
8,3.668138265609741 
8,3.6572630405426025 
8,3.67484712600708 
8,3.6669163703918457 
8,3.6819372177124023 
8,3.66239857673645 
8,3.660414457321167 
8,3.666221857070923 
8,3.651231050491333 
8,3.6706652641296387 
8,3.6433470249176025 
8,3.6649224758148193 
8,3.6681108474731445 
8,3.6484739780426025 
8,3.6551573276519775 
8,3.6626830101013184 
8,3.6562228202819824 
8,3.6568071842193604 
8,3.656981945037842 
8,3.6622350215911865 
8,3.6583189964294434 
9,3.6629035472869873 
9,3.6706767082214355 
9,3.6698760986328125 
9,3.668388605117798 
9,3.6655895709991455 
9,3.6535286903381348 
9,3.657630205154419 
9,3.663431406021118 
9,3.665444850921631 
9,3.6572718620300293 
9,3.6653389930725098 
9,3.6699845790863037 
9,3.6528539657592773 
9,3.653522253036499 
9,3.653501272201538 
9,3.651646852493286 
9,3.6677677631378174 
9,3.655073404312134 
9,3.6563498973846436 
9,3.6562612056732178 
9,3.658132314682007 
9,3.6604127883911133 
9,3.6586785316467285 
9,3.650974750518799 
9,3.6616673469543457 
9,3.6514437198638916 
9,3.6570284366607666 
9,3.6684341430664062 
9,3.664994955062866 
9,3.659186601638794 
9,3.6607940196990967 
9,3.6479766368865967 
9,3.655129909515381 
9,3.646749258041382 
9,3.65701961517334 
9,3.646122694015503 
9,3.6575584411621094 
9,3.6566293239593506 
9,3.657684564590454 
9,3.6582179069519043 
9,3.660823345184326 
9,3.6596288681030273 
9,3.6551461219787598 
9,3.659388303756714 
9,3.6654884815216064 
9,3.6605541706085205 
9,3.657015323638916 
9,3.657172679901123 
9,3.6612517833709717 
9,3.660236120223999 
9,3.653787851333618 
9,3.6525721549987793 
9,3.6531503200531006 
9,3.6580584049224854 
9,3.6523191928863525 
9,3.657527446746826 
9,3.6566576957702637 
9,3.6541969776153564 
9,3.6568050384521484 
9,3.6577165126800537 
9,3.6479551792144775 
9,3.666874647140503 
9,3.652777671813965 
10,3.665346384048462 
10,3.656628370285034 
10,3.6490867137908936 
10,3.654371976852417 
10,3.6557388305664062 
10,3.6494529247283936 
10,3.652501106262207 
10,3.6538467407226562 
10,3.6573474407196045 
10,3.653783082962036 
10,3.660045623779297 
10,3.6503801345825195 
10,3.6551661491394043 
10,3.6602861881256104 
10,3.653693675994873 
10,3.659050703048706 
10,3.6601011753082275 
10,3.664482831954956 
10,3.670652151107788 
10,3.6472251415252686 
10,3.6541748046875 
10,3.6598916053771973 
10,3.6673057079315186 
10,3.6533727645874023 
10,3.6518166065216064 
10,3.6581387519836426 
10,3.6658775806427 
10,3.654120683670044 
10,3.6583099365234375 
10,3.657186508178711 
10,3.6532156467437744 
10,3.6695361137390137 
10,3.6546339988708496 
10,3.657426118850708 
10,3.6492533683776855 
10,3.6604061126708984 
10,3.6625401973724365 
10,3.6759753227233887 
10,3.650475025177002 
10,3.651024580001831 
10,3.6571550369262695 
10,3.657456636428833 
10,3.655283212661743 
10,3.6545355319976807 
10,3.6589577198028564 
10,3.659090518951416 
10,3.6598663330078125 
10,3.6700494289398193 
10,3.6534910202026367 
10,3.6701152324676514 
10,3.6606695652008057 
10,3.663811445236206 
10,3.658104181289673 
10,3.644083261489868 
10,3.6524410247802734 
10,3.6453142166137695 
10,3.6477174758911133 
10,3.6613926887512207 
10,3.655487060546875 
10,3.6746509075164795 
10,3.652411460876465 
10,3.648524045944214 
11,3.6569628715515137 
11,3.6502723693847656 
11,3.6432433128356934 
11,3.6664998531341553 
11,3.6617889404296875 
11,3.656999111175537 
11,3.6500637531280518 
11,3.646489143371582 
11,3.6547088623046875 
11,3.650212526321411 
11,3.6498022079467773 
11,3.6605634689331055 
11,3.656670331954956 
11,3.6542935371398926 
11,3.6611273288726807 
11,3.6456706523895264 
11,3.647428512573242 
11,3.6626667976379395 
11,3.655125617980957 
11,3.656820297241211 
11,3.6600706577301025 
11,3.6574437618255615 
11,3.6524131298065186 
11,3.653449535369873 
11,3.6415977478027344 
11,3.663628101348877 
11,3.6615471839904785 
11,3.655489444732666 
11,3.6678433418273926 
11,3.6548333168029785 
11,3.6529667377471924 
11,3.6530580520629883 
11,3.64544677734375 
11,3.648185968399048 
11,3.6582114696502686 
11,3.663649559020996 
11,3.6639842987060547 
11,3.6510870456695557 
11,3.6642041206359863 
11,3.6567471027374268 
11,3.6494667530059814 
11,3.648268938064575 
11,3.6516599655151367 
11,3.6572389602661133 
11,3.6460695266723633 
11,3.6538259983062744 
11,3.6639997959136963 
11,3.6519775390625 
11,3.6448028087615967 
11,3.6673216819763184 
11,3.6572375297546387 
11,3.65311598777771 
11,3.652885675430298 
11,3.6556396484375 
11,3.654500722885132 
11,3.656195640563965 
11,3.6608877182006836 
11,3.6675024032592773 
11,3.6584599018096924 
11,3.6512930393218994 
11,3.650272846221924 
11,3.6514647006988525 
11,3.652552366256714 
12,3.657893180847168 
12,3.665674924850464 
12,3.654435634613037 
12,3.6607658863067627 
12,3.6586766242980957 
12,3.6600701808929443 
12,3.6624627113342285 
12,3.6574089527130127 
12,3.6605584621429443 
12,3.657374382019043 
12,3.6516051292419434 
12,3.6417553424835205 
12,3.660534620285034 
12,3.6464407444000244 
12,3.65425705909729 
12,3.647427797317505 
12,3.6645896434783936 
12,3.656531810760498 
12,3.6577935218811035 
12,3.649829626083374 
12,3.6522936820983887 
12,3.651935338973999 
12,3.662893533706665 
12,3.649813652038574 
12,3.65706467628479 
12,3.65584135055542 
12,3.657869815826416 
12,3.645156145095825 
12,3.645603895187378 
12,3.6591460704803467 
12,3.6595451831817627 
12,3.657818555831909 
12,3.6483471393585205 
12,3.650435209274292 
12,3.6563148498535156 
12,3.6567721366882324 
12,3.6562750339508057 
12,3.645901918411255 
12,3.656667709350586 
12,3.660714864730835 
12,3.653254270553589 
12,3.659224271774292 
12,3.657447338104248 
12,3.6500375270843506 
12,3.654852867126465 
12,3.660229444503784 
12,3.665790319442749 
12,3.6626784801483154 
12,3.661780834197998 
12,3.658696174621582 
12,3.6554057598114014 
12,3.640406608581543 
12,3.656242609024048 
12,3.663015604019165 
12,3.663865327835083 
12,3.6583690643310547 
12,3.651834011077881 
12,3.6541295051574707 
12,3.655092477798462 
12,3.6581950187683105 
12,3.6633384227752686 
12,3.6600966453552246 
13,3.660900115966797 
13,3.6562373638153076 
13,3.659817934036255 
13,3.665543794631958 
13,3.653409242630005 
13,3.64821195602417 
13,3.6579644680023193 
13,3.649273633956909 
13,3.65807843208313 
13,3.6610491275787354 
13,3.6602771282196045 
13,3.650606393814087 
13,3.650607109069824 
13,3.6520609855651855 
13,3.6565654277801514 
13,3.6556396484375 
13,3.6544384956359863 
13,3.6633427143096924 
13,3.652467966079712 
13,3.6448607444763184 
13,3.661170482635498 
13,3.6565585136413574 
13,3.6603431701660156 
13,3.6524298191070557 
13,3.6486761569976807 
13,3.650409698486328 
13,3.657785654067993 
13,3.658111572265625 
13,3.6539788246154785 
13,3.667436361312866 
13,3.648256778717041 
13,3.649440288543701 
13,3.6538853645324707 
13,3.6587884426116943 
13,3.6591110229492188 
13,3.663710832595825 
13,3.652942419052124 
13,3.6538805961608887 
13,3.648643732070923 
13,3.6510539054870605 
13,3.6631059646606445 
13,3.66033673286438 
13,3.649700164794922 
13,3.6639342308044434 
13,3.648759126663208 
13,3.661953926086426 
13,3.6447932720184326 
13,3.6562254428863525 
13,3.656848669052124 
13,3.65556263923645 
13,3.652803897857666 
13,3.656473398208618 
13,3.652096748352051 
13,3.6635046005249023 
13,3.6649675369262695 
13,3.6646862030029297 
13,3.6666643619537354 
13,3.6528167724609375 
13,3.658963918685913 
13,3.6421260833740234 
13,3.648460626602173 
13,3.663844585418701 
14,3.648023843765259 
14,3.637120246887207 
14,3.656162738800049 
14,3.6559019088745117 
14,3.6590538024902344 
14,3.6534032821655273 
14,3.6532399654388428 
14,3.6542234420776367 
14,3.6507256031036377 
14,3.649503707885742 
14,3.6667821407318115 
14,3.6471028327941895 
14,3.643134593963623 
14,3.661837100982666 
14,3.6546339988708496 
14,3.650397539138794 
14,3.6510703563690186 
14,3.665253162384033 
14,3.6558470726013184 
14,3.65795636177063 
14,3.653585433959961 
14,3.658176898956299 
14,3.65362811088562 
14,3.6497771739959717 
14,3.662090301513672 
14,3.649048328399658 
14,3.6528756618499756 
14,3.6707122325897217 
14,3.664262056350708 
14,3.652379035949707 
14,3.654341459274292 
14,3.6545841693878174 
14,3.6530587673187256 
14,3.6520779132843018 
14,3.6535964012145996 
14,3.6588521003723145 
14,3.65155029296875 
14,3.6530425548553467 
14,3.6555278301239014 
14,3.6512444019317627 
14,3.6574254035949707 
14,3.6476354598999023 
14,3.665834903717041 
14,3.645402431488037 
14,3.6515345573425293 
14,3.669890880584717 
14,3.6487951278686523 
14,3.6487040519714355 
14,3.6544487476348877 
14,3.6586434841156006 
14,3.654978036880493 
14,3.673295259475708 
14,3.652101993560791 
14,3.6581718921661377 
14,3.660099983215332 
14,3.661818742752075 
14,3.648267984390259 
14,3.67154598236084 
14,3.659213066101074 
14,3.656559705734253 
14,3.6661083698272705 
14,3.654195547103882 
14,3.648756742477417 
15,3.6714797019958496 
15,3.659191608428955 
15,3.6550161838531494 
15,3.657768726348877 
15,3.6547060012817383 
15,3.6689136028289795 
15,3.6509029865264893 
15,3.655141592025757 
15,3.643144369125366 
15,3.651951789855957 
15,3.6577563285827637 
15,3.6521687507629395 
15,3.6388113498687744 
15,3.6476290225982666 
15,3.6586782932281494 
15,3.6575822830200195 
15,3.6510026454925537 
15,3.6533608436584473 
15,3.6538619995117188 
15,3.6603457927703857 
15,3.6587929725646973 
15,3.6525588035583496 
15,3.665581226348877 
15,3.653502941131592 
15,3.6531083583831787 
15,3.6627795696258545 
15,3.662116527557373 
15,3.6541173458099365 
15,3.6592323780059814 
15,3.6526055335998535 
15,3.645327568054199 
15,3.6610589027404785 
15,3.656172513961792 
15,3.6772122383117676 
15,3.6738317012786865 
15,3.6548280715942383 
15,3.669603109359741 
15,3.683373212814331 
15,3.671900510787964 
15,3.671729564666748 
15,3.6702067852020264 
15,3.6536126136779785 
15,3.6532511711120605 
15,3.6616227626800537 
15,3.6527252197265625 
15,3.6516146659851074 
15,3.662113904953003 
15,3.653722047805786 
15,3.6501307487487793 
15,3.655552864074707 
15,3.663717269897461 
15,3.662044048309326 
15,3.661965847015381 
15,3.64300274848938 
15,3.6620304584503174 
15,3.6593008041381836 
15,3.6574485301971436 
15,3.66163969039917 
15,3.6699342727661133 
15,3.673325777053833 
15,3.6600615978240967 
15,3.664726495742798 
16,3.66021466255188 
16,3.6654655933380127 
16,3.6629860401153564 
16,3.661133050918579 
16,3.6590893268585205 
16,3.667187213897705 
16,3.6583147048950195 
16,3.6452574729919434 
16,3.6580889225006104 
16,3.651007890701294 
16,3.659517765045166 
16,3.6784279346466064 
16,3.678398609161377 
16,3.669558048248291 
16,3.6723387241363525 
16,3.6561338901519775 
16,3.6789205074310303 
16,3.6854166984558105 
16,3.67240571975708 
16,3.6863417625427246 
16,3.7086827754974365 
16,3.711648464202881 
16,3.7154722213745117 
16,3.7205119132995605 
16,3.728691816329956 
16,3.7049965858459473 
16,3.6547234058380127 
16,3.6701507568359375 
16,3.6558971405029297 
16,3.6555864810943604 
16,3.648379325866699 
16,3.671086072921753 
16,3.654848575592041 
16,3.66221022605896 
16,3.6604490280151367 
16,3.659318208694458 
16,3.660297155380249 
16,3.6560750007629395 
16,3.6540117263793945 
16,3.645111322402954 
16,3.6648988723754883 
16,3.663851737976074 
16,3.647390604019165 
16,3.6519081592559814 
16,3.656665563583374 
16,3.6374006271362305 
16,3.655033588409424 
16,3.655815839767456 
16,3.6529133319854736 
16,3.650217294692993 
16,3.654048442840576 
16,3.6475443840026855 
16,3.660442352294922 
16,3.660668134689331 
16,3.6678340435028076 
16,3.651536226272583 
16,3.653660297393799 
16,3.6563494205474854 
16,3.657839298248291 
16,3.6555898189544678 
16,3.6688811779022217 
16,3.651015520095825 
16,3.660691499710083 
17,3.6571056842803955 
17,3.657384157180786 
17,3.654083251953125 
17,3.6627354621887207 
17,3.6491470336914062 
17,3.646425485610962 
17,3.6614391803741455 
17,3.6509478092193604 
17,3.650355815887451 
17,3.650430202484131 
17,3.6520800590515137 
17,3.658726692199707 
17,3.653888463973999 
17,3.642601728439331 
17,3.659031391143799 
17,3.661076784133911 
17,3.6529717445373535 
17,3.6486270427703857 
17,3.651306629180908 
17,3.658703327178955 
17,3.6413352489471436 
17,3.6627633571624756 
17,3.659193754196167 
17,3.664588451385498 
17,3.6614036560058594 
17,3.655749797821045 
17,3.64591908454895 
17,3.6623692512512207 
17,3.6519076824188232 
17,3.6490025520324707 
17,3.6771175861358643 
17,3.658189296722412 
17,3.6512529850006104 
17,3.650757074356079 
17,3.657618999481201 
17,3.650592565536499 
17,3.6549160480499268 
17,3.6536571979522705 
17,3.6523993015289307 
17,3.6515069007873535 
17,3.647369861602783 
17,3.6614348888397217 
17,3.6647725105285645 
17,3.654106855392456 
17,3.6675331592559814 
17,3.670017719268799 
17,3.6504533290863037 
17,3.6643407344818115 
17,3.6547648906707764 
17,3.646296262741089 
17,3.6497962474823 
17,3.6513242721557617 
17,3.6433064937591553 
17,3.659052610397339 
17,3.650216579437256 
17,3.65911865234375 
17,3.6504266262054443 
17,3.6492631435394287 
17,3.657768964767456 
17,3.6637861728668213 
17,3.6550567150115967 
17,3.6479902267456055 
18,3.649815082550049 
18,3.6607441902160645 
18,3.6490354537963867 
18,3.6597814559936523 
18,3.650942802429199 
18,3.6577718257904053 
18,3.640814781188965 
18,3.6471691131591797 
18,3.652447462081909 
18,3.6581645011901855 
18,3.6555240154266357 
18,3.660144567489624 
18,3.6543803215026855 
18,3.668668031692505 
18,3.6477067470550537 
18,3.6589372158050537 
18,3.6552014350891113 
18,3.6549906730651855 
18,3.6579604148864746 
18,3.653839588165283 
18,3.6575474739074707 
18,3.6511781215667725 
18,3.6639015674591064 
18,3.6530590057373047 
18,3.6430459022521973 
18,3.6585452556610107 
18,3.6636669635772705 
18,3.649012327194214 
18,3.6471002101898193 
18,3.641418933868408 
18,3.656700849533081 
18,3.6509525775909424 
18,3.6573972702026367 
18,3.656588554382324 
18,3.648113965988159 
18,3.6589574813842773 
18,3.640296220779419 
18,3.644712209701538 
18,3.6719741821289062 
18,3.6543447971343994 
18,3.665009021759033 
18,3.6524722576141357 
18,3.653360605239868 
18,3.648954391479492 
18,3.663102388381958 
18,3.6524837017059326 
18,3.6582250595092773 
18,3.6612439155578613 
18,3.656116008758545 
18,3.651729106903076 
18,3.6545989513397217 
18,3.6516599655151367 
18,3.6487486362457275 
18,3.6568760871887207 
18,3.6548869609832764 
18,3.666606903076172 
18,3.6532695293426514 
18,3.649461507797241 
18,3.656484603881836 
18,3.6516783237457275 
18,3.6502978801727295 
18,3.652458906173706 
18,3.658745527267456 
19,3.6530821323394775 
19,3.652529716491699 
19,3.653148651123047 
19,3.642867088317871 
19,3.646606683731079 
19,3.6481945514678955 
19,3.653261661529541 
19,3.6524806022644043 
19,3.6407275199890137 
19,3.649991989135742 
19,3.648348331451416 
19,3.6575469970703125 
19,3.647339344024658 
19,3.6471331119537354 
19,3.6556291580200195 
19,3.6511125564575195 
19,3.6552798748016357 
19,3.6596953868865967 
19,3.6410038471221924 
19,3.6617982387542725 
19,3.6522340774536133 
19,3.6578190326690674 
19,3.6515212059020996 
19,3.649318218231201 
19,3.65732741355896 
19,3.6453912258148193 
19,3.6579723358154297 
19,3.647756338119507 
19,3.6472063064575195 
19,3.654442071914673 
19,3.6479313373565674 
19,3.643216371536255 
19,3.6493775844573975 
19,3.6534459590911865 
19,3.6606621742248535 
19,3.656909704208374 
19,3.6518797874450684 
19,3.6477267742156982 
19,3.6587088108062744 
19,3.6615843772888184 
19,3.6499128341674805 
19,3.6536216735839844 
19,3.6469078063964844 
19,3.6483819484710693 
19,3.648902416229248 
19,3.659914493560791 
19,3.6622390747070312 
19,3.64874529838562 
19,3.6552493572235107 
19,3.6613621711730957 
19,3.658611297607422 
19,3.642803907394409 
19,3.6505305767059326 
19,3.656464099884033 
19,3.6573333740234375 
19,3.6597907543182373 
19,3.6511459350585938 
19,3.6457595825195312 
19,3.652846574783325 
19,3.654780149459839 
19,3.662914276123047 
19,3.6604509353637695 
20,3.6502559185028076 
20,3.6453423500061035 
20,3.6439273357391357 
20,3.644406318664551 
20,3.6533362865448 
20,3.6571667194366455 
20,3.6501753330230713 
20,3.648768186569214 
20,3.6582188606262207 
20,3.6524839401245117 
20,3.6431591510772705 
20,3.6545164585113525 
20,3.652899742126465 
20,3.6600189208984375 
20,3.6415233612060547 
20,3.662132501602173 
20,3.644249200820923 
20,3.639409065246582 
20,3.653102397918701 
20,3.648527145385742 
20,3.6447126865386963 
20,3.6464033126831055 
20,3.639681816101074 
20,3.6588456630706787 
20,3.6471564769744873 
20,3.642854928970337 
20,3.64897084236145 
20,3.654836654663086 
20,3.6479570865631104 
20,3.6449053287506104 
20,3.659956693649292 
20,3.659637928009033 
20,3.6549699306488037 
20,3.65474534034729 
20,3.6548287868499756 
20,3.6475393772125244 
20,3.6433703899383545 
20,3.647453546524048 
20,3.661292314529419 
20,3.6537225246429443 
20,3.6520583629608154 
20,3.659271717071533 
20,3.6527585983276367 
20,3.652878999710083 
20,3.6464343070983887 
20,3.645866870880127 
20,3.6487278938293457 
20,3.6655938625335693 
20,3.663735866546631 
20,3.6527669429779053 
20,3.656959056854248 
20,3.652498722076416 
20,3.656250476837158 
20,3.659102439880371 
20,3.660367250442505 
20,3.6514408588409424 
20,3.649449348449707 
20,3.664674997329712 
20,3.642094612121582 
20,3.654005289077759 
20,3.654353618621826 
20,3.6529972553253174 
21,3.6579508781433105 
21,3.6513888835906982 
21,3.6558728218078613 
21,3.6441283226013184 
21,3.6493752002716064 
21,3.6536576747894287 
21,3.6597774028778076 
21,3.6551592350006104 
21,3.656919240951538 
21,3.646146535873413 
21,3.6574559211730957 
21,3.6617302894592285 
21,3.6517720222473145 
21,3.649470806121826 
21,3.651317596435547 
21,3.6478774547576904 
21,3.654329776763916 
21,3.6439666748046875 
21,3.641080617904663 
21,3.6590611934661865 
21,3.652506113052368 
21,3.648214101791382 
21,3.642037868499756 
21,3.653904438018799 
21,3.664510488510132 
21,3.661900043487549 
21,3.6523518562316895 
21,3.644134521484375 
21,3.6560802459716797 
21,3.6526403427124023 
21,3.653068780899048 
21,3.6497628688812256 
21,3.6614325046539307 
21,3.6503820419311523 
21,3.652714967727661 
21,3.650989294052124 
21,3.654590129852295 
21,3.6484646797180176 
21,3.645913600921631 
21,3.65191388130188 
21,3.654468297958374 
21,3.6475417613983154 
21,3.654106855392456 
21,3.6554036140441895 
21,3.649540901184082 
21,3.6447296142578125 
21,3.649599552154541 
21,3.6503727436065674 
21,3.6588757038116455 
21,3.6473138332366943 
21,3.6516058444976807 
21,3.6530277729034424 
21,3.6469945907592773 
21,3.652073621749878 
21,3.6518025398254395 
21,3.6540768146514893 
21,3.6548051834106445 
21,3.667171001434326 
21,3.6597602367401123 
21,3.64190936088562 
21,3.649538278579712 
21,3.6489617824554443 
21,3.646575450897217 
22,3.64816951751709 
22,3.6553871631622314 
22,3.665074348449707 
22,3.6505894660949707 
22,3.652472972869873 
22,3.664438486099243 
22,3.660067081451416 
22,3.642409086227417 
22,3.6521153450012207 
22,3.6574461460113525 
22,3.652311325073242 
22,3.655564785003662 
22,3.6393096446990967 
22,3.6526830196380615 
22,3.660691976547241 
22,3.645554780960083 
22,3.653085231781006 
22,3.6605377197265625 
22,3.6636672019958496 
22,3.652681827545166 
22,3.6597282886505127 
22,3.6517717838287354 
22,3.6486570835113525 
22,3.6504595279693604 
22,3.66863751411438 
22,3.643399238586426 
22,3.649414300918579 
22,3.649149179458618 
22,3.6564788818359375 
22,3.6513359546661377 
22,3.657219648361206 
22,3.6462035179138184 
22,3.644224166870117 
22,3.649916410446167 
22,3.648439884185791 
22,3.659670114517212 
22,3.646367311477661 
22,3.6535632610321045 
22,3.660067081451416 
22,3.647754430770874 
22,3.6467628479003906 
22,3.649331569671631 
22,3.6478233337402344 
22,3.652313709259033 
22,3.648486852645874 
22,3.657193183898926 
22,3.662177085876465 
22,3.6531145572662354 
22,3.6499950885772705 
22,3.6416702270507812 
22,3.6549949645996094 
22,3.6369900703430176 
22,3.6508116722106934 
22,3.6542656421661377 
22,3.647461414337158 
22,3.641969919204712 
22,3.6504859924316406 
22,3.6527514457702637 
22,3.6557862758636475 
22,3.649670362472534 
22,3.6354103088378906 
22,3.6544151306152344 
23,3.6532142162323 
23,3.6537487506866455 
23,3.649986505508423 
23,3.652580738067627 
23,3.653959274291992 
23,3.648185968399048 
23,3.65376353263855 
23,3.6577038764953613 
23,3.637923002243042 
23,3.645341157913208 
23,3.652716636657715 
23,3.64416241645813 
23,3.648453950881958 
23,3.651235580444336 
23,3.652663469314575 
23,3.655910015106201 
23,3.6545369625091553 
23,3.6488332748413086 
23,3.6658775806427 
23,3.659602642059326 
23,3.651031970977783 
23,3.6543071269989014 
23,3.6659560203552246 
23,3.651228904724121 
23,3.6592700481414795 
23,3.6548268795013428 
23,3.6422581672668457 
23,3.654489278793335 
23,3.6512911319732666 
23,3.658661127090454 
23,3.646345376968384 
23,3.660874128341675 
23,3.6420600414276123 
23,3.656700611114502 
23,3.6585240364074707 
23,3.6443099975585938 
23,3.6527538299560547 
23,3.641899347305298 
23,3.6478078365325928 
23,3.6529088020324707 
23,3.6464922428131104 
23,3.6487629413604736 
23,3.6520912647247314 
23,3.654604434967041 
23,3.653994083404541 
23,3.6585795879364014 
23,3.648820161819458 
23,3.6580522060394287 
23,3.6531054973602295 
23,3.646721601486206 
23,3.6581263542175293 
23,3.654853343963623 
23,3.6519927978515625 
23,3.6439549922943115 
23,3.6515398025512695 
23,3.6456780433654785 
23,3.646340847015381 
23,3.6450812816619873 
23,3.6511082649230957 
23,3.6481847763061523 
23,3.6581878662109375 
23,3.662919521331787 
23,3.6572635173797607 
24,3.6684672832489014 
24,3.655161142349243 
24,3.6570751667022705 
24,3.657231092453003 
24,3.6458446979522705 
24,3.653414011001587 
24,3.6523618698120117 
24,3.6602044105529785 
24,3.6439807415008545 
24,3.647777557373047 
24,3.6494154930114746 
24,3.646207094192505 
24,3.644468069076538 
24,3.657668352127075 
24,3.656798839569092 
24,3.644993305206299 
24,3.640881299972534 
24,3.65000319480896 
24,3.650334358215332 
24,3.6432676315307617 
24,3.671661376953125 
24,3.652923583984375 
24,3.6486778259277344 
24,3.646207094192505 
24,3.6562728881835938 
24,3.6441938877105713 
24,3.6568076610565186 
24,3.6576790809631348 
24,3.6525657176971436 
24,3.6470654010772705 
24,3.6392338275909424 
24,3.6519622802734375 
24,3.646815299987793 
24,3.6593916416168213 
24,3.662875175476074 
24,3.649977922439575 
24,3.6465861797332764 
24,3.654933452606201 
24,3.6522510051727295 
24,3.650874614715576 
24,3.6508166790008545 
24,3.653648614883423 
24,3.648898124694824 
24,3.65464186668396 
24,3.647481679916382 
24,3.6582250595092773 
24,3.648148775100708 
24,3.6622016429901123 
24,3.645542621612549 
24,3.6505022048950195 
24,3.6622307300567627 
24,3.6555211544036865 
24,3.6578176021575928 
24,3.6513121128082275 
24,3.644387722015381 
24,3.6595988273620605 
24,3.6511828899383545 
24,3.655606269836426 
24,3.644665479660034 
24,3.657156229019165 
24,3.645517110824585 
24,3.6743929386138916 
25,3.6500542163848877 
25,3.670177459716797 
25,3.659235954284668 
25,3.654510498046875 
25,3.661613702774048 
25,3.654947519302368 
25,3.6563796997070312 
25,3.6592626571655273 
25,3.6607463359832764 
25,3.652667999267578 
25,3.6545286178588867 
25,3.6507298946380615 
25,3.638674259185791 
25,3.6435954570770264 
25,3.6553492546081543 
25,3.6460564136505127 
25,3.654282808303833 
25,3.6457700729370117 
25,3.6462371349334717 
25,3.6513478755950928 
25,3.6639060974121094 
25,3.6526458263397217 
25,3.6581733226776123 
25,3.6620380878448486 
25,3.649448871612549 
25,3.6572964191436768 
25,3.646843671798706 
25,3.6477162837982178 
25,3.646090269088745 
25,3.6541008949279785 
25,3.6631970405578613 
25,3.6561694145202637 
25,3.6587986946105957 
25,3.6531100273132324 
25,3.6524507999420166 
25,3.6557366847991943 
25,3.649913787841797 
25,3.648559808731079 
25,3.6460113525390625 
25,3.6572659015655518 
25,3.641026258468628 
25,3.658099889755249 
25,3.655965566635132 
25,3.669816255569458 
25,3.6437597274780273 
25,3.6478991508483887 
25,3.6490161418914795 
25,3.6435325145721436 
25,3.6559033393859863 
25,3.6503102779388428 
25,3.663480043411255 
25,3.6495344638824463 
25,3.644333600997925 
25,3.6515891551971436 
25,3.6559722423553467 
25,3.64593243598938 
25,3.6504247188568115 
25,3.6628408432006836 
25,3.647526979446411 
25,3.655559539794922 
25,3.657008647918701 
25,3.657984495162964 
25,3.6447219848632812 
26,3.651296377182007 
26,3.650202512741089 
26,3.6507389545440674 
26,3.6455557346343994 
26,3.6581552028656006 
26,3.6523070335388184 
26,3.6459999084472656 
26,3.655438184738159 
26,3.657621383666992 
26,3.669417381286621 
26,3.6469476222991943 
26,3.6467766761779785 
26,3.6463637351989746 
26,3.6584465503692627 
26,3.652355909347534 
26,3.6560885906219482 
26,3.659184694290161 
26,3.6498794555664062 
26,3.64928936958313 
26,3.6540489196777344 
26,3.6533496379852295 
26,3.6479759216308594 
26,3.6483891010284424 
26,3.6612682342529297 
26,3.6603400707244873 
26,3.6530888080596924 
26,3.647549867630005 
26,3.64951491355896 
26,3.6493144035339355 
26,3.6520309448242188 
26,3.656566619873047 
26,3.6551597118377686 
26,3.642376661300659 
26,3.6468756198883057 
26,3.6516551971435547 
26,3.6446022987365723 
26,3.6499905586242676 
26,3.652709484100342 
26,3.647538423538208 
26,3.643974781036377 
26,3.659550666809082 
26,3.6527295112609863 
26,3.6458282470703125 
26,3.6520204544067383 
26,3.6526763439178467 
26,3.6434550285339355 
26,3.653146266937256 
26,3.660670757293701 
26,3.6624345779418945 
26,3.6496589183807373 
26,3.6597065925598145 
26,3.646268129348755 
26,3.6489076614379883 
26,3.641296625137329 
26,3.6582298278808594 
26,3.6516356468200684 
26,3.654073715209961 
26,3.650360584259033 
26,3.657038688659668 
26,3.659639596939087 
26,3.6538712978363037 
26,3.6448161602020264 
27,3.6506011486053467 
27,3.650397777557373 
27,3.6526219844818115 
27,3.6444573402404785 
27,3.6505322456359863 
27,3.651433229446411 
27,3.6436572074890137 
27,3.6534674167633057 
27,3.6515281200408936 
27,3.6453208923339844 
27,3.6519811153411865 
27,3.6567461490631104 
27,3.642476797103882 
27,3.6647942066192627 
27,3.6456871032714844 
27,3.6525423526763916 
27,3.6657586097717285 
27,3.6483049392700195 
27,3.650043249130249 
27,3.646303415298462 
27,3.6457667350769043 
27,3.651949167251587 
27,3.6411216259002686 
27,3.658170461654663 
27,3.6549153327941895 
27,3.653229236602783 
27,3.6634488105773926 
27,3.6467528343200684 
27,3.655438184738159 
27,3.656425714492798 
27,3.6541860103607178 
27,3.6411612033843994 
27,3.6414811611175537 
27,3.6507482528686523 
27,3.6539463996887207 
27,3.648798704147339 
27,3.6534807682037354 
27,3.6436851024627686 
27,3.657397985458374 
27,3.6456663608551025 
27,3.656154155731201 
27,3.6511154174804688 
27,3.6502702236175537 
27,3.659998655319214 
27,3.643547773361206 
27,3.6528496742248535 
27,3.6472179889678955 
27,3.6611874103546143 
27,3.6386559009552 
27,3.649460554122925 
27,3.6554276943206787 
27,3.645634651184082 
27,3.659900665283203 
27,3.649988889694214 
27,3.6551921367645264 
27,3.652144193649292 
27,3.65567684173584 
27,3.6547486782073975 
27,3.6494834423065186 
27,3.648130416870117 
27,3.6412739753723145 
27,3.660773754119873 
28,3.6619582176208496 
28,3.645840644836426 
28,3.6693992614746094 
28,3.6622183322906494 
28,3.653670310974121 
28,3.652916193008423 
28,3.648401975631714 
28,3.662806987762451 
28,3.663527250289917 
28,3.6562817096710205 
28,3.64719295501709 
28,3.647904634475708 
28,3.6525511741638184 
28,3.657963514328003 
28,3.6628952026367188 
28,3.649540901184082 
28,3.6590261459350586 
28,3.653001546859741 
28,3.6540703773498535 
28,3.6480026245117188 
28,3.6510491371154785 
28,3.6557414531707764 
28,3.651153564453125 
28,3.649871826171875 
28,3.647904634475708 
28,3.6538801193237305 
28,3.6678130626678467 
28,3.639274835586548 
28,3.6514976024627686 
28,3.661703109741211 
28,3.6579911708831787 
28,3.6550800800323486 
28,3.642479658126831 
28,3.645301342010498 
28,3.651437997817993 
28,3.658839702606201 
28,3.651348114013672 
28,3.6370344161987305 
28,3.6567704677581787 
28,3.644627571105957 
28,3.6512255668640137 
28,3.6470043659210205 
28,3.6518189907073975 
28,3.645444869995117 
28,3.6464598178863525 
28,3.655604124069214 
28,3.657123327255249 
28,3.654331922531128 
28,3.656244993209839 
28,3.6528244018554688 
28,3.65234375 
28,3.6572391986846924 
28,3.64408802986145 
28,3.6494109630584717 
28,3.6491012573242188 
28,3.6547393798828125 
28,3.6498711109161377 
28,3.6466376781463623 
28,3.6412549018859863 
28,3.641157865524292 
28,3.64505934715271 
28,3.6591014862060547 
28,3.648160219192505 
29,3.653022289276123 
29,3.654240131378174 
29,3.6490001678466797 
29,3.65944504737854 
29,3.651384115219116 
29,3.6417529582977295 
29,3.6500236988067627 
29,3.6555113792419434 
29,3.6454226970672607 
29,3.6544435024261475 
29,3.6541028022766113 
29,3.6558353900909424 
29,3.6532323360443115 
29,3.6463963985443115 
29,3.646878957748413 
29,3.649333953857422 
29,3.643688917160034 
29,3.6411383152008057 
29,3.6513609886169434 
29,3.6564249992370605 
29,3.651970624923706 
29,3.647228956222534 
29,3.6630699634552 
29,3.6464321613311768 
29,3.6488189697265625 
29,3.6498985290527344 
29,3.6560142040252686 
29,3.643817663192749 
29,3.651021957397461 
29,3.652519464492798 
29,3.6369616985321045 
29,3.6564114093780518 
29,3.650153636932373 
29,3.645664930343628 
29,3.64397931098938 
29,3.664313793182373 
29,3.6516802310943604 
29,3.6418700218200684 
29,3.6511502265930176 
29,3.651102304458618 
29,3.6498656272888184 
29,3.6448631286621094 
29,3.646920680999756 
29,3.6593449115753174 
29,3.6493771076202393 
29,3.6588940620422363 
29,3.6432626247406006 
29,3.64581036567688 
29,3.6461122035980225 
29,3.6517019271850586 
29,3.6509878635406494 
29,3.652076244354248 
29,3.66418194770813 
29,3.6576974391937256 
29,3.6520020961761475 
29,3.6454930305480957 
29,3.6529057025909424 
29,3.653864860534668 
29,3.6520211696624756 
29,3.650710105895996 
29,3.6451799869537354 
29,3.6616549491882324 
30,3.636838912963867 
30,3.6549665927886963 
30,3.653635263442993 
30,3.6519594192504883 
30,3.6453380584716797 
30,3.643822193145752 
30,3.647526741027832 
30,3.644693613052368 
30,3.652872323989868 
30,3.647385835647583 
30,3.6420249938964844 
30,3.64947509765625 
30,3.6478068828582764 
30,3.652987480163574 
30,3.649054527282715 
30,3.6613824367523193 
30,3.6510517597198486 
30,3.6495463848114014 
30,3.651174783706665 
30,3.6518139839172363 
30,3.6547584533691406 
30,3.6537115573883057 
30,3.6459362506866455 
30,3.646291971206665 
30,3.633408784866333 
30,3.643126964569092 
30,3.6545660495758057 
30,3.6561765670776367 
30,3.6435232162475586 
30,3.6495933532714844 
30,3.641493558883667 
30,3.656175136566162 
30,3.6639373302459717 
30,3.65244197845459 
30,3.6476593017578125 
30,3.647353410720825 
30,3.6538567543029785 
30,3.6572399139404297 
30,3.6512908935546875 
30,3.6513895988464355 
30,3.6527857780456543 
30,3.6513772010803223 
30,3.6520144939422607 
30,3.6457698345184326 
30,3.6514384746551514 
30,3.642164945602417 
30,3.6573565006256104 
30,3.655458927154541 
30,3.6423628330230713 
30,3.6506524085998535 
30,3.651038646697998 
30,3.6623551845550537 
30,3.6468653678894043 
30,3.6522457599639893 
30,3.6494221687316895 
30,3.6484899520874023 
30,3.6349847316741943 
30,3.6547398567199707 
30,3.649505615234375 
30,3.6485750675201416 
30,3.649573564529419 
30,3.6523678302764893 
30,3.6498754024505615 
31,3.6536543369293213 
31,3.6416540145874023 
31,3.6474459171295166 
31,3.6504571437835693 
31,3.6559410095214844 
31,3.647885322570801 
31,3.6483070850372314 
31,3.650527238845825 
31,3.6612658500671387 
31,3.6586568355560303 
31,3.659846067428589 
31,3.649991750717163 
31,3.6512272357940674 
31,3.6502749919891357 
31,3.641970634460449 
31,3.6483426094055176 
31,3.64738392829895 
31,3.660707950592041 
31,3.6573143005371094 
31,3.657127618789673 
31,3.650383234024048 
31,3.6585028171539307 
31,3.656161308288574 
31,3.650627851486206 
31,3.6605992317199707 
31,3.645723819732666 
31,3.6599786281585693 
31,3.6534488201141357 
31,3.6590044498443604 
31,3.645416259765625 
31,3.638613700866699 
31,3.649042844772339 
31,3.647796630859375 
31,3.6517674922943115 
31,3.6498210430145264 
31,3.6574363708496094 
31,3.649954080581665 
31,3.651052713394165 
31,3.651271343231201 
31,3.649728298187256 
31,3.6421926021575928 
31,3.6491541862487793 
31,3.667107343673706 
31,3.6456897258758545 
31,3.638779878616333 
31,3.6579647064208984 
31,3.6564550399780273 
31,3.643585443496704 
31,3.6474859714508057 
31,3.6458120346069336 
31,3.647900104522705 
31,3.6529226303100586 
31,3.6560308933258057 
31,3.648143768310547 
31,3.647366762161255 
31,3.6527388095855713 
31,3.657426595687866 
31,3.648496389389038 
31,3.6576287746429443 
31,3.6553754806518555 
31,3.661105155944824 
31,3.650275707244873 
32,3.646831512451172 
32,3.6482653617858887 
32,3.638554573059082 
32,3.6522204875946045 
32,3.6410341262817383 
32,3.641796112060547 
32,3.650470495223999 
32,3.6424498558044434 
32,3.6616337299346924 
32,3.6514689922332764 
32,3.6474223136901855 
32,3.6587934494018555 
32,3.6451709270477295 
32,3.6529781818389893 
32,3.653700590133667 
32,3.6508736610412598 
32,3.6466238498687744 
32,3.652797222137451 
32,3.651017665863037 
32,3.6472861766815186 
32,3.6533937454223633 
32,3.6548869609832764 
32,3.651610851287842 
32,3.653170108795166 
32,3.6693663597106934 
32,3.6513519287109375 
32,3.644848585128784 
32,3.650657892227173 
32,3.6387739181518555 
32,3.651113271713257 
32,3.6484172344207764 
32,3.64548397064209 
32,3.658398389816284 
32,3.6474621295928955 
32,3.657402276992798 
32,3.6645421981811523 
32,3.648480176925659 
32,3.661227226257324 
32,3.655273914337158 
32,3.650516986846924 
32,3.657595157623291 
32,3.653934955596924 
32,3.6471900939941406 
32,3.660754919052124 
32,3.65036940574646 
32,3.639268159866333 
32,3.654177188873291 
32,3.662851095199585 
32,3.6536641120910645 
32,3.6515324115753174 
32,3.6490895748138428 
32,3.6685779094696045 
32,3.651301145553589 
32,3.6648313999176025 
32,3.6437034606933594 
32,3.647736072540283 
32,3.6382341384887695 
32,3.6525139808654785 
32,3.6481785774230957 
32,3.657397985458374 
32,3.6535539627075195 
32,3.6457700729370117 
32,3.6420488357543945 
33,3.6485583782196045 
33,3.6611034870147705 
33,3.655459403991699 
33,3.6595799922943115 
33,3.647333860397339 
33,3.644465208053589 
33,3.650439977645874 
33,3.643437623977661 
33,3.660815715789795 
33,3.655534029006958 
33,3.6421706676483154 
33,3.649506092071533 
33,3.6513938903808594 
33,3.6458184719085693 
33,3.6640613079071045 
33,3.646909713745117 
33,3.654632568359375 
33,3.667240619659424 
33,3.64201283454895 
33,3.6545140743255615 
33,3.6638364791870117 
33,3.644902229309082 
33,3.650419235229492 
33,3.6571719646453857 
33,3.6546313762664795 
33,3.652574300765991 
33,3.648479461669922 
33,3.650611400604248 
33,3.655045747756958 
33,3.646271228790283 
33,3.6452696323394775 
33,3.655141830444336 
33,3.653625965118408 
33,3.638853073120117 
33,3.6470885276794434 
33,3.652578115463257 
33,3.6426568031311035 
33,3.649266481399536 
33,3.6661863327026367 
33,3.6546788215637207 
33,3.648453950881958 
33,3.65191650390625 
33,3.6556169986724854 
33,3.6536331176757812 
33,3.6431262493133545 
33,3.67264461517334 
33,3.65181565284729 
33,3.6444313526153564 
33,3.644124746322632 
33,3.648162841796875 
33,3.643882989883423 
33,3.641494035720825 
33,3.6536853313446045 
33,3.655585289001465 
33,3.65038800239563 
33,3.6509640216827393 
33,3.649639129638672 
33,3.6493399143218994 
33,3.6458799839019775 
33,3.6521925926208496 
33,3.6508193016052246 
33,3.6603496074676514 
34,3.6524531841278076 
34,3.6402316093444824 
34,3.6560370922088623 
34,3.658116579055786 
34,3.6532676219940186 
34,3.6616902351379395 
34,3.6444060802459717 
34,3.6489946842193604 
34,3.649045705795288 
34,3.6512908935546875 
34,3.646754741668701 
34,3.648800849914551 
34,3.648827075958252 
34,3.647080898284912 
34,3.657036066055298 
34,3.658055305480957 
34,3.649721622467041 
34,3.659766435623169 
34,3.647282600402832 
34,3.6528425216674805 
34,3.6390042304992676 
34,3.6556193828582764 
34,3.643430709838867 
34,3.6635231971740723 
34,3.6622233390808105 
34,3.653303384780884 
34,3.655017852783203 
34,3.6482648849487305 
34,3.645378351211548 
34,3.6415252685546875 
34,3.63864803314209 
34,3.6565101146698 
34,3.647592306137085 
34,3.6522433757781982 
34,3.6473588943481445 
34,3.6447930335998535 
34,3.655388116836548 
34,3.660179853439331 
34,3.6500160694122314 
34,3.64833664894104 
34,3.6512603759765625 
34,3.640346050262451 
34,3.652245044708252 
34,3.6614880561828613 
34,3.638786554336548 
34,3.655100107192993 
34,3.6506025791168213 
34,3.647855758666992 
34,3.646494150161743 
34,3.6552746295928955 
34,3.647623300552368 
34,3.653205394744873 
34,3.6486854553222656 
34,3.642725706100464 
34,3.652733325958252 
34,3.667124032974243 
34,3.6506361961364746 
34,3.638035774230957 
34,3.6447160243988037 
34,3.6521008014678955 
34,3.6429836750030518 
34,3.6473262310028076 
35,3.6444976329803467 
35,3.642422676086426 
35,3.6505932807922363 
35,3.643944025039673 
35,3.6510136127471924 
35,3.645317792892456 
35,3.643510341644287 
35,3.6495747566223145 
35,3.649049997329712 
35,3.651482343673706 
35,3.648952007293701 
35,3.6414878368377686 
35,3.648159980773926 
35,3.6519742012023926 
35,3.6578786373138428 
35,3.6532976627349854 
35,3.6401853561401367 
35,3.643883466720581 
35,3.645962953567505 
35,3.65915846824646 
35,3.6511449813842773 
35,3.6457347869873047 
35,3.6451821327209473 
35,3.6469945907592773 
35,3.6554644107818604 
35,3.6517889499664307 
35,3.6506035327911377 
35,3.652796506881714 
35,3.6483373641967773 
35,3.6425693035125732 
35,3.656435966491699 
35,3.6486005783081055 
35,3.657937526702881 
35,3.643739938735962 
35,3.6496779918670654 
35,3.649928569793701 
35,3.6601979732513428 
35,3.6537373065948486 
35,3.6481261253356934 
35,3.6572680473327637 
35,3.6557981967926025 
35,3.657182455062866 
35,3.6487395763397217 
35,3.651902437210083 
35,3.646101951599121 
35,3.6518688201904297 
35,3.649543285369873 
35,3.646768093109131 
35,3.655883312225342 
35,3.651871919631958 
35,3.6501667499542236 
35,3.6436643600463867 
35,3.6465630531311035 
35,3.6518657207489014 
35,3.6557488441467285 
35,3.6493260860443115 
35,3.655479669570923 
35,3.6500816345214844 
35,3.6573727130889893 
35,3.647552490234375 
35,3.6504130363464355 
35,3.654536724090576 
35,3.648972749710083 
36,3.6359167098999023 
36,3.6545937061309814 
36,3.658614158630371 
36,3.6448490619659424 
36,3.64166522026062 
36,3.6591742038726807 
36,3.6572515964508057 
36,3.641819953918457 
36,3.6449825763702393 
36,3.6477468013763428 
36,3.6583452224731445 
36,3.649343252182007 
36,3.647606611251831 
36,3.6439802646636963 
36,3.651552677154541 
36,3.6487274169921875 
36,3.6433610916137695 
36,3.6431756019592285 
36,3.64208722114563 
36,3.654400587081909 
36,3.648247003555298 
36,3.6467084884643555 
36,3.6486895084381104 
36,3.6421427726745605 
36,3.6531007289886475 
36,3.653684377670288 
36,3.6464250087738037 
36,3.6549079418182373 
36,3.6521294116973877 
36,3.6516716480255127 
36,3.633434772491455 
36,3.6516125202178955 
36,3.6506404876708984 
36,3.652736186981201 
36,3.6520283222198486 
36,3.644963026046753 
36,3.646212577819824 
36,3.6461341381073 
36,3.6456031799316406 
36,3.659790515899658 
36,3.6492996215820312 
36,3.6539716720581055 
36,3.6462578773498535 
36,3.641796588897705 
36,3.6424779891967773 
36,3.645867109298706 
36,3.6644866466522217 
36,3.654078245162964 
36,3.6526122093200684 
36,3.652590751647949 
36,3.6537914276123047 
36,3.659013509750366 
36,3.6506056785583496 
36,3.645557403564453 
36,3.6566569805145264 
36,3.6483755111694336 
36,3.654080629348755 
36,3.6385631561279297 
36,3.662611722946167 
36,3.6582820415496826 
36,3.654888868331909 
36,3.662520170211792 
37,3.646949291229248 
37,3.6559929847717285 
37,3.662464141845703 
37,3.652301549911499 
37,3.660536766052246 
37,3.640834331512451 
37,3.642568826675415 
37,3.6381022930145264 
37,3.6382668018341064 
37,3.6524784564971924 
37,3.6538970470428467 
37,3.6540920734405518 
37,3.6503546237945557 
37,3.6550450325012207 
37,3.6594488620758057 
37,3.6361753940582275 
37,3.6361732482910156 
37,3.642890214920044 
37,3.6586179733276367 
37,3.643503427505493 
37,3.651705741882324 
37,3.6559219360351562 
37,3.6540544033050537 
37,3.64992356300354 
37,3.661308765411377 
37,3.6420488357543945 
37,3.651857852935791 
37,3.6622259616851807 
37,3.6492488384246826 
37,3.6660878658294678 
37,3.655634641647339 
37,3.6476104259490967 
37,3.663323163986206 
37,3.6584086418151855 
37,3.6528074741363525 
37,3.6302671432495117 
37,3.6431074142456055 
37,3.6548163890838623 
37,3.6492631435394287 
37,3.6497726440429688 
37,3.652797222137451 
37,3.65187406539917 
37,3.6511459350585938 
37,3.640549898147583 
37,3.6595733165740967 
37,3.666834592819214 
37,3.6469781398773193 
37,3.645894765853882 
37,3.6518423557281494 
37,3.6527280807495117 
37,3.647624969482422 
37,3.6490800380706787 
37,3.6501739025115967 
37,3.6613097190856934 
37,3.6458067893981934 
37,3.6478679180145264 
37,3.647996664047241 
37,3.6517486572265625 
37,3.6460092067718506 
37,3.653048038482666 
37,3.6513671875 
37,3.6417791843414307 
37,3.661771774291992 
38,3.6522514820098877 
38,3.6538822650909424 
38,3.65624737739563 
38,3.6464595794677734 
38,3.646684169769287 
38,3.6590218544006348 
38,3.6444966793060303 
38,3.6369895935058594 
38,3.6430516242980957 
38,3.6507601737976074 
38,3.644627571105957 
38,3.649731159210205 
38,3.6501693725585938 
38,3.6596519947052 
38,3.6467244625091553 
38,3.648198366165161 
38,3.66109299659729 
38,3.65348744392395 
38,3.6640868186950684 
38,3.645219087600708 
38,3.6464662551879883 
38,3.654618740081787 
38,3.647980213165283 
38,3.6496763229370117 
38,3.643406391143799 
38,3.6424386501312256 
38,3.6507482528686523 
38,3.650547742843628 
38,3.655496120452881 
38,3.6517910957336426 
38,3.64694881439209 
38,3.6383275985717773 
38,3.6637370586395264 
38,3.64894700050354 
38,3.649413585662842 
38,3.649071455001831 
38,3.650071382522583 
38,3.6636581420898438 
38,3.652784585952759 
38,3.648879289627075 
38,3.652299642562866 
38,3.6521246433258057 
38,3.656752824783325 
38,3.6401994228363037 
38,3.656064748764038 
38,3.649927854537964 
38,3.66145920753479 
38,3.646862745285034 
38,3.6573798656463623 
38,3.6528689861297607 
38,3.6415648460388184 
38,3.6393730640411377 
38,3.6560559272766113 
38,3.656290292739868 
38,3.653974771499634 
38,3.668485641479492 
38,3.651949882507324 
38,3.647697687149048 
38,3.6531622409820557 
38,3.6460506916046143 
38,3.6546504497528076 
38,3.6542816162109375 
39,3.648030996322632 
39,3.660355806350708 
39,3.6436400413513184 
39,3.639798402786255 
39,3.650519847869873 
39,3.6431920528411865 
39,3.6441726684570312 
39,3.6528074741363525 
39,3.654625177383423 
39,3.6464664936065674 
39,3.6432793140411377 
39,3.649772882461548 
39,3.6534721851348877 
39,3.654913902282715 
39,3.651334047317505 
39,3.641284704208374 
39,3.659893035888672 
39,3.6378917694091797 
39,3.6644277572631836 
39,3.6542463302612305 
39,3.647799491882324 
39,3.650460958480835 
39,3.6487786769866943 
39,3.6480705738067627 
39,3.651606321334839 
39,3.647463083267212 
39,3.653207540512085 
39,3.640511989593506 
39,3.6475830078125 
39,3.653090238571167 
39,3.649564504623413 
39,3.6456260681152344 
39,3.6592140197753906 
39,3.643144369125366 
39,3.643641948699951 
39,3.6652488708496094 
39,3.6538350582122803 
39,3.6380228996276855 
39,3.636664628982544 
39,3.649677276611328 
39,3.6481645107269287 
39,3.658933639526367 
39,3.658116579055786 
39,3.662794351577759 
39,3.6463873386383057 
39,3.6563353538513184 
39,3.6390581130981445 
39,3.6468937397003174 
39,3.6489806175231934 
39,3.649362802505493 
39,3.6451375484466553 
39,3.6519365310668945 
39,3.6552886962890625 
39,3.6381614208221436 
39,3.6545565128326416 
39,3.661292552947998 
39,3.65266489982605 
39,3.6530003547668457 
39,3.6629104614257812 
39,3.6588079929351807 
39,3.6542582511901855 
39,3.647608518600464 
39,3.653963327407837 
40,3.6551520824432373 
40,3.6463732719421387 
40,3.647455930709839 
40,3.651163339614868 
40,3.6428356170654297 
40,3.659855842590332 
40,3.6527037620544434 
40,3.6437294483184814 
40,3.658083438873291 
40,3.6472008228302 
40,3.6399083137512207 
40,3.659137487411499 
40,3.650353193283081 
40,3.645050048828125 
40,3.645237445831299 
40,3.6493937969207764 
40,3.6504619121551514 
40,3.6477198600769043 
40,3.6400129795074463 
40,3.6438663005828857 
40,3.633090019226074 
40,3.6463961601257324 
40,3.6464898586273193 
40,3.6511476039886475 
40,3.642751932144165 
40,3.652216672897339 
40,3.640045404434204 
40,3.640949249267578 
40,3.6408724784851074 
40,3.649951696395874 
40,3.647196054458618 
40,3.647650718688965 
40,3.643887758255005 
40,3.6539273262023926 
40,3.6532692909240723 
40,3.6469297409057617 
40,3.6426219940185547 
40,3.646145820617676 
40,3.640613555908203 
40,3.656390905380249 
40,3.646820306777954 
40,3.642681121826172 
40,3.6381137371063232 
40,3.6500401496887207 
40,3.648230791091919 
40,3.6636505126953125 
40,3.6588988304138184 
40,3.661583423614502 
40,3.65466570854187 
40,3.645369291305542 
40,3.655336856842041 
40,3.634690523147583 
40,3.6380324363708496 
40,3.6457314491271973 
40,3.6574296951293945 
40,3.648946762084961 
40,3.635643720626831 
40,3.650332450866699 
40,3.652857542037964 
40,3.657562494277954 
40,3.6536998748779297 
40,3.648416042327881 
41,3.6574480533599854 
41,3.6480956077575684 
41,3.65795636177063 
41,3.650346517562866 
41,3.6440672874450684 
41,3.6434316635131836 
41,3.656590461730957 
41,3.6479296684265137 
41,3.6579458713531494 
41,3.652165412902832 
41,3.6564948558807373 
41,3.6505820751190186 
41,3.6440868377685547 
41,3.6470632553100586 
41,3.6518874168395996 
41,3.64322829246521 
41,3.650407075881958 
41,3.6502277851104736 
41,3.645698070526123 
41,3.644850730895996 
41,3.64156174659729 
41,3.6440203189849854 
41,3.636789560317993 
41,3.645742654800415 
41,3.658573627471924 
41,3.6577892303466797 
41,3.646226167678833 
41,3.649135112762451 
41,3.648061513900757 
41,3.6362555027008057 
41,3.6388518810272217 
41,3.646087646484375 
41,3.653468608856201 
41,3.6435351371765137 
41,3.6518948078155518 
41,3.6501355171203613 
41,3.6434953212738037 
41,3.6536083221435547 
41,3.666703939437866 
41,3.637486457824707 
41,3.650888681411743 
41,3.6530601978302 
41,3.657670259475708 
41,3.642709970474243 
41,3.650224208831787 
41,3.6548266410827637 
41,3.6444876194000244 
41,3.6465399265289307 
41,3.663835287094116 
41,3.6521568298339844 
41,3.657642126083374 
41,3.6544723510742188 
41,3.6450371742248535 
41,3.6607747077941895 
41,3.64471173286438 
41,3.652369260787964 
41,3.650883197784424 
41,3.655601739883423 
41,3.6477630138397217 
41,3.647749662399292 
41,3.64213490486145 
41,3.6503045558929443 
42,3.6558799743652344 
42,3.6575944423675537 
42,3.6366593837738037 
42,3.6635873317718506 
42,3.6442387104034424 
42,3.639686107635498 
42,3.6429107189178467 
42,3.637258291244507 
42,3.6534359455108643 
42,3.650350332260132 
42,3.6499128341674805 
42,3.6459922790527344 
42,3.6617140769958496 
42,3.662271738052368 
42,3.650294780731201 
42,3.6448421478271484 
42,3.6664974689483643 
42,3.646153450012207 
42,3.66066575050354 
42,3.6573779582977295 
42,3.650104284286499 
42,3.641571044921875 
42,3.64621901512146 
42,3.6491050720214844 
42,3.6365413665771484 
42,3.6453423500061035 
42,3.6475017070770264 
42,3.6482532024383545 
42,3.6503548622131348 
42,3.6485860347747803 
42,3.6447832584381104 
42,3.6547889709472656 
42,3.655503988265991 
42,3.6429738998413086 
42,3.6514830589294434 
42,3.6524598598480225 
42,3.644212007522583 
42,3.650885820388794 
42,3.664384126663208 
42,3.655376434326172 
42,3.652704954147339 
42,3.656195640563965 
42,3.6517369747161865 
42,3.6443071365356445 
42,3.6557834148406982 
42,3.6539628505706787 
42,3.644742250442505 
42,3.6597280502319336 
42,3.6543357372283936 
42,3.6439530849456787 
42,3.645813226699829 
42,3.6558597087860107 
42,3.645054817199707 
42,3.6415092945098877 
42,3.646721601486206 
42,3.6600236892700195 
42,3.6504130363464355 
42,3.644932270050049 
42,3.6492388248443604 
42,3.6454100608825684 
42,3.6475977897644043 
42,3.6556289196014404 
42,3.6482884883880615 
43,3.641707181930542 
43,3.641108512878418 
43,3.662020683288574 
43,3.643049955368042 
43,3.659464120864868 
43,3.649726390838623 
43,3.644564628601074 
43,3.6498777866363525 
43,3.6489951610565186 
43,3.639207601547241 
43,3.6552255153656006 
43,3.647244453430176 
43,3.65740704536438 
43,3.648578643798828 
43,3.6418473720550537 
43,3.6565568447113037 
43,3.644012689590454 
43,3.640861749649048 
43,3.6559855937957764 
43,3.650380849838257 
43,3.6488494873046875 
43,3.653712034225464 
43,3.6557605266571045 
43,3.651911497116089 
43,3.6461403369903564 
43,3.655343532562256 
43,3.6617612838745117 
43,3.6503233909606934 
43,3.6411077976226807 
43,3.648045539855957 
43,3.654038906097412 
43,3.651087522506714 
43,3.644946813583374 
43,3.645921230316162 
43,3.653914213180542 
43,3.6507153511047363 
43,3.6470248699188232 
43,3.646171808242798 
43,3.645611524581909 
43,3.648401975631714 
43,3.6626415252685547 
43,3.6442930698394775 
43,3.6499834060668945 
43,3.65360164642334 
43,3.6591875553131104 
43,3.6476335525512695 
43,3.642695903778076 
43,3.6493725776672363 
43,3.642266035079956 
43,3.64202880859375 
43,3.650338649749756 
43,3.648547887802124 
43,3.6548757553100586 
43,3.652850866317749 
43,3.650026798248291 
43,3.6458616256713867 
43,3.6551730632781982 
43,3.650282621383667 
43,3.6481871604919434 
43,3.664525270462036 
43,3.6486451625823975 
43,3.6521191596984863 
44,3.637364387512207 
44,3.646742105484009 
44,3.6409108638763428 
44,3.654022693634033 
44,3.649066686630249 
44,3.64687180519104 
44,3.653099775314331 
44,3.647318124771118 
44,3.663039445877075 
44,3.6466064453125 
44,3.652838706970215 
44,3.649853467941284 
44,3.645426034927368 
44,3.642765998840332 
44,3.6475539207458496 
44,3.653127670288086 
44,3.6456596851348877 
44,3.6448562145233154 
44,3.6568286418914795 
44,3.642406463623047 
44,3.6454427242279053 
44,3.6530916690826416 
44,3.6570920944213867 
44,3.640395164489746 
44,3.6550254821777344 
44,3.656344413757324 
44,3.650430202484131 
44,3.6554532051086426 
44,3.657758951187134 
44,3.648806095123291 
44,3.6554484367370605 
44,3.6519153118133545 
44,3.6437509059906006 
44,3.6463546752929688 
44,3.650541305541992 
44,3.6507604122161865 
44,3.6545023918151855 
44,3.6555917263031006 
44,3.6435513496398926 
44,3.6506690979003906 
44,3.6420469284057617 
44,3.649906635284424 
44,3.6518819332122803 
44,3.654529333114624 
44,3.6536338329315186 
44,3.648101806640625 
44,3.648009777069092 
44,3.654320240020752 
44,3.643252372741699 
44,3.6544628143310547 
44,3.6443698406219482 
44,3.6635050773620605 
44,3.6498212814331055 
44,3.6516177654266357 
44,3.6529650688171387 
44,3.6475961208343506 
44,3.6514599323272705 
44,3.645388126373291 
44,3.650341749191284 
44,3.645487070083618 
44,3.651339530944824 
44,3.642059564590454 
44,3.652434825897217 
45,3.6559464931488037 
45,3.6616837978363037 
45,3.6457090377807617 
45,3.647425413131714 
45,3.6551647186279297 
45,3.6431822776794434 
45,3.6413090229034424 
45,3.6504364013671875 
45,3.6545445919036865 
45,3.6394920349121094 
45,3.646254301071167 
45,3.654879331588745 
45,3.642132520675659 
45,3.6502368450164795 
45,3.651557445526123 
45,3.6537630558013916 
45,3.6476573944091797 
45,3.648984670639038 
45,3.6503100395202637 
45,3.645695686340332 
45,3.64013671875 
45,3.6464669704437256 
45,3.651581287384033 
45,3.6430091857910156 
45,3.6439666748046875 
45,3.643982410430908 
45,3.643418550491333 
45,3.645986795425415 
45,3.65399169921875 
45,3.6607024669647217 
45,3.65073823928833 
45,3.6600663661956787 
45,3.655090808868408 
45,3.6461410522460938 
45,3.6475608348846436 
45,3.6475934982299805 
45,3.649343252182007 
45,3.6493141651153564 
45,3.6427419185638428 
45,3.6600356101989746 
45,3.6413140296936035 
45,3.647528886795044 
45,3.6526074409484863 
45,3.6394364833831787 
45,3.648250102996826 
45,3.667006731033325 
45,3.6445209980010986 
45,3.6492772102355957 
45,3.6536543369293213 
45,3.6510958671569824 
45,3.648861885070801 
45,3.6523802280426025 
45,3.6336669921875 
45,3.6510438919067383 
45,3.6431853771209717 
45,3.650494337081909 
45,3.656323194503784 
45,3.6582634449005127 
45,3.6496946811676025 
45,3.6453545093536377 
45,3.6372146606445312 
45,3.6425065994262695 
46,3.643554210662842 
46,3.6413943767547607 
46,3.652653217315674 
46,3.6629815101623535 
46,3.6529901027679443 
46,3.6421916484832764 
46,3.657513380050659 
46,3.657505750656128 
46,3.6437902450561523 
46,3.643951892852783 
46,3.649087429046631 
46,3.647006034851074 
46,3.651346445083618 
46,3.6416215896606445 
46,3.6483395099639893 
46,3.6488237380981445 
46,3.646716833114624 
46,3.6541900634765625 
46,3.6540281772613525 
46,3.655705690383911 
46,3.6447701454162598 
46,3.644646406173706 
46,3.645359516143799 
46,3.651458740234375 
46,3.6517932415008545 
46,3.654014825820923 
46,3.642789602279663 
46,3.647336006164551 
46,3.6417219638824463 
46,3.659893751144409 
46,3.6573688983917236 
46,3.64871883392334 
46,3.661055326461792 
46,3.657646417617798 
46,3.6520466804504395 
46,3.648806571960449 
46,3.6403629779815674 
46,3.6462066173553467 
46,3.6481969356536865 
46,3.647057294845581 
46,3.642275333404541 
46,3.6526989936828613 
46,3.6593644618988037 
46,3.6483688354492188 
46,3.6510894298553467 
46,3.6478917598724365 
46,3.6650962829589844 
46,3.6417529582977295 
46,3.6483471393585205 
46,3.6500539779663086 
46,3.645245313644409 
46,3.6532979011535645 
46,3.640690803527832 
46,3.644388437271118 
46,3.64755916595459 
46,3.653695821762085 
46,3.640839099884033 
46,3.659294843673706 
46,3.6500914096832275 
46,3.6429927349090576 
46,3.652698278427124 
46,3.6537768840789795 
46,3.649122953414917 
47,3.643155336380005 
47,3.644017457962036 
47,3.6498076915740967 
47,3.657034158706665 
47,3.6439898014068604 
47,3.6545236110687256 
47,3.6387107372283936 
47,3.640735626220703 
47,3.648677349090576 
47,3.6443545818328857 
47,3.6520659923553467 
47,3.649430990219116 
47,3.6416900157928467 
47,3.639425039291382 
47,3.647099018096924 
47,3.6470470428466797 
47,3.6475114822387695 
47,3.652651786804199 
47,3.6667661666870117 
47,3.6414506435394287 
47,3.6536715030670166 
47,3.659985303878784 
47,3.655449390411377 
47,3.6495611667633057 
47,3.652601957321167 
47,3.640157699584961 
47,3.650783061981201 
47,3.6564061641693115 
47,3.646629571914673 
47,3.6515307426452637 
47,3.6540138721466064 
47,3.646751642227173 
47,3.64109468460083 
47,3.651949167251587 
47,3.64275860786438 
47,3.647833824157715 
47,3.6442580223083496 
47,3.649623394012451 
47,3.6450419425964355 
47,3.649998188018799 
47,3.6491734981536865 
47,3.642411708831787 
47,3.6449031829833984 
47,3.641057014465332 
47,3.6527581214904785 
47,3.6515769958496094 
47,3.6492409706115723 
47,3.656301259994507 
47,3.6497509479522705 
47,3.6546902656555176 
47,3.650388479232788 
47,3.6471080780029297 
47,3.6377665996551514 
47,3.6551709175109863 
47,3.655054807662964 
47,3.6407811641693115 
47,3.6434764862060547 
47,3.655477285385132 
47,3.643199920654297 
47,3.646862030029297 
47,3.664066791534424 
47,3.6440746784210205 
48,3.65095853805542 
48,3.651897430419922 
48,3.6504955291748047 
48,3.6464507579803467 
48,3.643151044845581 
48,3.6480228900909424 
48,3.64877986907959 
48,3.6458489894866943 
48,3.646953582763672 
48,3.650808334350586 
48,3.6608800888061523 
48,3.6482396125793457 
48,3.6475656032562256 
48,3.6544134616851807 
48,3.6549272537231445 
48,3.6498026847839355 
48,3.639200448989868 
48,3.640153169631958 
48,3.6524860858917236 
48,3.645341634750366 
48,3.643158197402954 
48,3.6377904415130615 
48,3.6536126136779785 
48,3.653499126434326 
48,3.650228500366211 
48,3.6405818462371826 
48,3.647318124771118 
48,3.6457347869873047 
48,3.6608550548553467 
48,3.6539556980133057 
48,3.6507956981658936 
48,3.6487386226654053 
48,3.6520631313323975 
48,3.655897855758667 
48,3.6539573669433594 
48,3.6442387104034424 
48,3.6613214015960693 
48,3.662609100341797 
48,3.646299123764038 
48,3.6450674533843994 
48,3.6490495204925537 
48,3.639183282852173 
48,3.6489293575286865 
48,3.643740177154541 
48,3.649017572402954 
48,3.638436794281006 
48,3.641197919845581 
48,3.6617932319641113 
48,3.6447246074676514 
48,3.6590864658355713 
48,3.64690899848938 
48,3.6466166973114014 
48,3.6382384300231934 
48,3.6382665634155273 
48,3.6581225395202637 
48,3.641683340072632 
48,3.646462917327881 
48,3.6443607807159424 
48,3.6443819999694824 
48,3.6337695121765137 
48,3.643266201019287 
48,3.6436431407928467 
49,3.652250051498413 
49,3.644212484359741 
49,3.645108461380005 
49,3.6399269104003906 
49,3.645291566848755 
49,3.648679733276367 
49,3.642895221710205 
49,3.642523765563965 
49,3.639240026473999 
49,3.6356804370880127 
49,3.6372923851013184 
49,3.645510673522949 
49,3.641233444213867 
49,3.6554484367370605 
49,3.6362483501434326 
49,3.637477397918701 
49,3.6418445110321045 
49,3.650259017944336 
49,3.6447243690490723 
49,3.6607580184936523 
49,3.6479034423828125 
49,3.649304151535034 
49,3.643171548843384 
49,3.6396353244781494 
49,3.64196515083313 
49,3.6431422233581543 
49,3.649794340133667 
49,3.6536967754364014 
49,3.642972946166992 
49,3.645749807357788 
49,3.6514317989349365 
49,3.64736008644104 
49,3.667741060256958 
49,3.6478164196014404 
49,3.65521240234375 
49,3.6409380435943604 
49,3.643062114715576 
49,3.6494593620300293 
49,3.6501853466033936 
49,3.6515562534332275 
49,3.6508262157440186 
49,3.6542468070983887 
49,3.6537675857543945 
49,3.6456565856933594 
49,3.6352789402008057 
49,3.6486308574676514 
49,3.6426801681518555 
49,3.638531446456909 
49,3.646662473678589 
49,3.6456425189971924 
49,3.6450016498565674 
49,3.647839069366455 
49,3.655184268951416 
49,3.648644208908081 
49,3.647515058517456 
49,3.638993501663208 
49,3.6466448307037354 
49,3.647047758102417 
49,3.6631393432617188 
49,3.656233549118042 
49,3.6615209579467773 
49,3.6435139179229736 
49,3.643430709838867 
50,3.6526145935058594 
50,3.6445653438568115 
50,3.6392335891723633 
50,3.6378026008605957 
50,3.6494994163513184 
50,3.6433751583099365 
50,3.6531291007995605 
50,3.641666889190674 
50,3.66560959815979 
50,3.6451427936553955 
50,3.6590240001678467 
50,3.6478772163391113 
50,3.650271415710449 
50,3.646430015563965 
50,3.661924362182617 
50,3.6509580612182617 
50,3.6508865356445312 
50,3.6504125595092773 
50,3.6512627601623535 
50,3.6454873085021973 
50,3.6405303478240967 
50,3.645577907562256 
50,3.650890827178955 
50,3.6445791721343994 
50,3.6494603157043457 
50,3.6507866382598877 
50,3.645066022872925 
50,3.647359609603882 
50,3.6474111080169678 
50,3.6515896320343018 
50,3.644174098968506 
50,3.6512210369110107 
50,3.6561825275421143 
50,3.6446592807769775 
50,3.66107177734375 
50,3.657654285430908 
50,3.654263496398926 
50,3.6614623069763184 
50,3.652043342590332 
50,3.6440930366516113 
50,3.644448757171631 
50,3.6401798725128174 
50,3.648831367492676 
50,3.6453306674957275 
50,3.650236129760742 
50,3.6520137786865234 
50,3.6453075408935547 
50,3.6449763774871826 
50,3.6468467712402344 
50,3.642948627471924 
50,3.642672061920166 
50,3.648165464401245 
50,3.633397340774536 
50,3.647261381149292 
50,3.6490566730499268 
50,3.6587395668029785 
50,3.64200496673584 
50,3.648505210876465 
50,3.6569786071777344 
50,3.6735122203826904 
50,3.6529834270477295 
50,3.652461528778076 
51,3.657618284225464 
51,3.646523952484131 
51,3.6380932331085205 
51,3.6477530002593994 
51,3.640115976333618 
51,3.648124933242798 
51,3.6425273418426514 
51,3.655752420425415 
51,3.6407039165496826 
51,3.6496708393096924 
51,3.6519763469696045 
51,3.662696361541748 
51,3.643510103225708 
51,3.649752140045166 
51,3.640383243560791 
51,3.65470552444458 
51,3.6470179557800293 
51,3.6437556743621826 
51,3.6358025074005127 
51,3.639620304107666 
51,3.6377696990966797 
51,3.6559603214263916 
51,3.655186653137207 
51,3.6457889080047607 
51,3.648189067840576 
51,3.665560007095337 
51,3.65381121635437 
51,3.654606819152832 
51,3.640578031539917 
51,3.645111560821533 
51,3.650394916534424 
51,3.6405043601989746 
51,3.649937629699707 
51,3.6497082710266113 
51,3.6537394523620605 
51,3.652747631072998 
51,3.6361546516418457 
51,3.654262065887451 
51,3.6470658779144287 
51,3.637777090072632 
51,3.6518328189849854 
51,3.6609628200531006 
51,3.6528515815734863 
51,3.6393470764160156 
51,3.644596576690674 
51,3.656010150909424 
51,3.656096935272217 
51,3.6483829021453857 
51,3.6440746784210205 
51,3.6577765941619873 
51,3.645796537399292 
51,3.6455748081207275 
51,3.648599147796631 
51,3.6399080753326416 
51,3.657489538192749 
51,3.644670009613037 
51,3.641710042953491 
51,3.649017333984375 
51,3.6484363079071045 
51,3.657252788543701 
51,3.641991376876831 
51,3.651337146759033 
51,3.6362438201904297 
52,3.6519775390625 
52,3.644470691680908 
52,3.648693084716797 
52,3.6507811546325684 
52,3.641205310821533 
52,3.6554741859436035 
52,3.6514484882354736 
52,3.637026309967041 
52,3.6543688774108887 
52,3.647616386413574 
52,3.6458630561828613 
52,3.645453691482544 
52,3.651944398880005 
52,3.650563955307007 
52,3.6400163173675537 
52,3.6491200923919678 
52,3.6508491039276123 
52,3.652431011199951 
52,3.6469621658325195 
52,3.6553053855895996 
52,3.6493842601776123 
52,3.648179292678833 
52,3.6392126083374023 
52,3.65572190284729 
52,3.6508212089538574 
52,3.646968364715576 
52,3.65409517288208 
52,3.6396586894989014 
52,3.654069185256958 
52,3.6483917236328125 
52,3.664581775665283 
52,3.666433334350586 
52,3.6363024711608887 
52,3.6488447189331055 
52,3.6456127166748047 
52,3.654042959213257 
52,3.646634817123413 
52,3.647913932800293 
52,3.643019914627075 
52,3.65606427192688 
52,3.6484057903289795 
52,3.652738571166992 
52,3.6429545879364014 
52,3.6571617126464844 
52,3.6478679180145264 
52,3.6560211181640625 
52,3.6477904319763184 
52,3.6524345874786377 
52,3.6401023864746094 
52,3.6495182514190674 
52,3.642481803894043 
52,3.6502532958984375 
52,3.6453237533569336 
52,3.6472251415252686 
52,3.6468749046325684 
52,3.643754243850708 
52,3.649109363555908 
52,3.6400704383850098 
52,3.6361894607543945 
52,3.6478796005249023 
52,3.6493730545043945 
52,3.640897035598755 
53,3.6429874897003174 
53,3.6649513244628906 
53,3.6418914794921875 
53,3.6518054008483887 
53,3.647514581680298 
53,3.64382004737854 
53,3.6509575843811035 
53,3.6610755920410156 
53,3.654778242111206 
53,3.652663469314575 
53,3.6514134407043457 
53,3.655778169631958 
53,3.638733386993408 
53,3.6491198539733887 
53,3.659273862838745 
53,3.6503779888153076 
53,3.647167205810547 
53,3.647648811340332 
53,3.640573024749756 
53,3.639167070388794 
53,3.6415464878082275 
53,3.6438148021698 
53,3.651038646697998 
53,3.6513264179229736 
53,3.6392998695373535 
53,3.643666982650757 
53,3.659207344055176 
53,3.6547889709472656 
53,3.6453492641448975 
53,3.65171480178833 
53,3.656067132949829 
53,3.643122434616089 
53,3.646629571914673 
53,3.6473186016082764 
53,3.650981903076172 
53,3.6418728828430176 
53,3.6499106884002686 
53,3.6566848754882812 
53,3.6487679481506348 
53,3.6435444355010986 
53,3.640502452850342 
53,3.648557662963867 
53,3.643970489501953 
53,3.6528451442718506 
53,3.6485936641693115 
53,3.6536977291107178 
53,3.637643337249756 
53,3.637831449508667 
53,3.6477553844451904 
53,3.6488842964172363 
53,3.663189649581909 
53,3.649109363555908 
53,3.645937919616699 
53,3.6512551307678223 
53,3.6523940563201904 
53,3.644005537033081 
53,3.6663944721221924 
53,3.6534032821655273 
53,3.6505379676818848 
53,3.6431877613067627 
53,3.6535117626190186 
53,3.6527416706085205 
53,3.638936758041382 
54,3.6460115909576416 
54,3.659074068069458 
54,3.6420419216156006 
54,3.6580748558044434 
54,3.638566732406616 
54,3.645843029022217 
54,3.6475799083709717 
54,3.634418249130249 
54,3.6546709537506104 
54,3.6443593502044678 
54,3.6443030834198 
54,3.6484217643737793 
54,3.6438674926757812 
54,3.653818368911743 
54,3.651852607727051 
54,3.657083749771118 
54,3.64353084564209 
54,3.6558797359466553 
54,3.636763572692871 
54,3.6482510566711426 
54,3.643622875213623 
54,3.655679225921631 
54,3.6446752548217773 
54,3.648526191711426 
54,3.6429972648620605 
54,3.647268533706665 
54,3.656283378601074 
54,3.646207094192505 
54,3.647644281387329 
54,3.6408095359802246 
54,3.6498632431030273 
54,3.640298366546631 
54,3.642021894454956 
54,3.656360387802124 
54,3.641874074935913 
54,3.6530754566192627 
54,3.6401174068450928 
54,3.650930643081665 
54,3.6474556922912598 
54,3.639537811279297 
54,3.65636944770813 
54,3.6389973163604736 
54,3.6408915519714355 
54,3.6573991775512695 
54,3.6441526412963867 
54,3.650054454803467 
54,3.647822141647339 
54,3.6422576904296875 
54,3.65585994720459 
54,3.649287223815918 
54,3.6578869819641113 
54,3.6563098430633545 
54,3.641740083694458 
54,3.653500556945801 
54,3.6511547565460205 
54,3.649338960647583 
54,3.64921498298645 
54,3.6609947681427 
54,3.644381523132324 
54,3.667567729949951 
54,3.6444640159606934 
54,3.6445348262786865 
55,3.639817476272583 
55,3.6450865268707275 
55,3.6483981609344482 
55,3.639742136001587 
55,3.643887519836426 
55,3.6523966789245605 
55,3.651118040084839 
55,3.6545727252960205 
55,3.650536298751831 
55,3.6561312675476074 
55,3.6420671939849854 
55,3.6427628993988037 
55,3.6609575748443604 
55,3.6368138790130615 
55,3.6506123542785645 
55,3.656207799911499 
55,3.648625135421753 
55,3.6434326171875 
55,3.6426587104797363 
55,3.653337001800537 
55,3.6430883407592773 
55,3.657139539718628 
55,3.64007830619812 
55,3.6480495929718018 
55,3.656527042388916 
55,3.657860517501831 
55,3.6506009101867676 
55,3.649334669113159 
55,3.6493945121765137 
55,3.64654278755188 
55,3.6519596576690674 
55,3.6514110565185547 
55,3.6521732807159424 
55,3.650177240371704 
55,3.6409783363342285 
55,3.6539103984832764 
55,3.6530609130859375 
55,3.6499953269958496 
55,3.659839391708374 
55,3.6440625190734863 
55,3.6514079570770264 
55,3.646592855453491 
55,3.6517186164855957 
55,3.6431612968444824 
55,3.660928964614868 
55,3.647325277328491 
55,3.6449973583221436 
55,3.645833730697632 
55,3.647571325302124 
55,3.649975538253784 
55,3.6393020153045654 
55,3.635181427001953 
55,3.637071371078491 
55,3.6589338779449463 
55,3.652022123336792 
55,3.646409511566162 
55,3.653226613998413 
55,3.6496050357818604 
55,3.6624388694763184 
55,3.640596866607666 
55,3.653872013092041 
55,3.649894952774048 
56,3.645376205444336 
56,3.6490299701690674 
56,3.6482527256011963 
56,3.64741849899292 
56,3.6564836502075195 
56,3.6558151245117188 
56,3.6607189178466797 
56,3.6515884399414062 
56,3.652458429336548 
56,3.6595635414123535 
56,3.6497063636779785 
56,3.651749849319458 
56,3.6554393768310547 
56,3.65146803855896 
56,3.649103879928589 
56,3.660970449447632 
56,3.6431548595428467 
56,3.644298553466797 
56,3.6402480602264404 
56,3.644230365753174 
56,3.6541764736175537 
56,3.656012535095215 
56,3.6553568840026855 
56,3.6526572704315186 
56,3.645394802093506 
56,3.642695903778076 
56,3.647150754928589 
56,3.647533416748047 
56,3.640052080154419 
56,3.6434130668640137 
56,3.65073299407959 
56,3.65134334564209 
56,3.632901906967163 
56,3.6402130126953125 
56,3.6402294635772705 
56,3.635549783706665 
56,3.6518688201904297 
56,3.658334255218506 
56,3.6446962356567383 
56,3.6473820209503174 
56,3.6369423866271973 
56,3.647561550140381 
56,3.6420810222625732 
56,3.6434855461120605 
56,3.6621291637420654 
56,3.6555912494659424 
56,3.651770830154419 
56,3.650692939758301 
56,3.652109384536743 
56,3.644390106201172 
56,3.6394174098968506 
56,3.6359095573425293 
56,3.6473350524902344 
56,3.655430793762207 
56,3.653170108795166 
56,3.6393864154815674 
56,3.642509698867798 
56,3.6427061557769775 
56,3.646901845932007 
56,3.6416821479797363 
56,3.6580944061279297 
56,3.644921064376831 
56,3.6551480293273926 
57,3.6373002529144287 
57,3.6393840312957764 
57,3.6507444381713867 
57,3.6463727951049805 
57,3.6400835514068604 
57,3.652677536010742 
57,3.654090404510498 
57,3.6426992416381836 
57,3.65684175491333 
57,3.6401755809783936 
57,3.6478140354156494 
57,3.6468827724456787 
57,3.6498115062713623 
57,3.6373555660247803 
57,3.6557726860046387 
57,3.6362948417663574 
57,3.6613829135894775 
57,3.6450798511505127 
57,3.646299362182617 
57,3.6471691131591797 
57,3.6556315422058105 
57,3.6444523334503174 
57,3.641231060028076 
57,3.6394834518432617 
57,3.6415209770202637 
57,3.6411755084991455 
57,3.650204658508301 
57,3.649817943572998 
57,3.632648229598999 
57,3.650161027908325 
57,3.638432741165161 
57,3.6406359672546387 
57,3.6472856998443604 
57,3.649256467819214 
57,3.6483771800994873 
57,3.653923273086548 
57,3.650599956512451 
57,3.6526713371276855 
57,3.6382322311401367 
57,3.6295154094696045 
57,3.6541695594787598 
