0,2.2851576805114746 
0,2.30259108543396 
0,2.3025834560394287 
0,2.3009660243988037 
0,2.3025848865509033 
0,2.3025851249694824 
0,2.3025851249694824 
0,2.3025870323181152 
0,2.3018150329589844 
0,2.3025851249694824 
0,2.3025851249694824 
0,2.3025851249694824 
0,2.3025851249694824 
0,2.3025851249694824 
0,2.3026089668273926 
0,2.3025851249694824 
0,2.3025851249694824 
0,2.3025851249694824 
0,2.3025851249694824 
0,2.3025851249694824 
0,2.3025851249694824 
0,2.3025851249694824 
0,2.3025851249694824 
1,2.302609443664551 
1,2.3025851249694824 
1,2.3025851249694824 
1,2.302584409713745 
1,2.3025851249694824 
1,2.3025851249694824 
0,2.302374839782715 
0,2.2914223670959473 
0,2.290823221206665 
0,2.291133165359497 
0,2.2903146743774414 
0,2.286329746246338 
0,2.295727252960205 
0,2.2952725887298584 
0,2.2951087951660156 
0,2.295208215713501 
0,2.288104772567749 
0,2.2951295375823975 
0,2.2853479385375977 
0,2.2849340438842773 
0,2.286583423614502 
0,2.2847604751586914 
0,2.2847039699554443 
0,2.2840216159820557 
0,2.283219814300537 
0,2.284911632537842 
1,2.284031391143799 
1,2.2847626209259033 
1,2.286088466644287 
1,2.2857983112335205 
1,2.2854390144348145 
1,2.284320831298828 
1,2.2856662273406982 
1,2.283216953277588 
1,2.2856810092926025 
1,2.284074068069458 
1,2.2844154834747314 
1,2.285010576248169 
1,2.28291654586792 
1,2.2843332290649414 
1,2.2842020988464355 
1,2.2850277423858643 
1,2.2862493991851807 
1,2.284505605697632 
1,2.283365488052368 
1,2.2852580547332764 
2,2.284177541732788 
2,2.284132719039917 
2,2.2851054668426514 
2,2.284435987472534 
2,2.284680128097534 
2,2.2840805053710938 
2,2.2831315994262695 
2,2.285011053085327 
2,2.283881187438965 
2,2.2828924655914307 
2,2.2843525409698486 
2,2.2850189208984375 
2,2.2850570678710938 
2,2.2832114696502686 
2,2.285712957382202 
2,2.28271746635437 
2,2.2840402126312256 
2,2.283060312271118 
2,2.28381085395813 
2,2.283181667327881 
2,2.283188819885254 
3,2.2851550579071045 
3,2.2853164672851562 
3,2.285236120223999 
3,2.2829692363739014 
3,2.2841148376464844 
3,2.283611297607422 
3,2.283628463745117 
3,2.2845568656921387 
3,2.283351421356201 
3,2.283643960952759 
3,2.2846813201904297 
3,2.282381534576416 
3,2.284222364425659 
3,2.283597707748413 
3,2.284228563308716 
3,2.2851202487945557 
3,2.2839112281799316 
3,2.2837045192718506 
3,2.283649444580078 
3,2.284235715866089 
4,2.2851402759552 
4,2.2837276458740234 
4,2.2840754985809326 
4,2.2830257415771484 
4,2.2846505641937256 
4,2.2835588455200195 
4,2.2833895683288574 
4,2.284254789352417 
4,2.282554864883423 
4,2.2854645252227783 
4,2.283090114593506 
4,2.2851572036743164 
4,2.281872272491455 
4,2.2867300510406494 
4,2.283176898956299 
4,2.2829082012176514 
4,2.284342050552368 
4,2.2838170528411865 
4,2.285234212875366 
4,2.2833926677703857 
5,2.2829458713531494 
5,2.284137725830078 
5,2.2833147048950195 
5,2.28403639793396 
5,2.2833521366119385 
5,2.282836675643921 
5,2.2825305461883545 
5,2.284147262573242 
5,2.284712553024292 
5,2.2840144634246826 
5,2.282466411590576 
5,2.2851991653442383 
5,2.28312611579895 
5,2.285109758377075 
5,2.2834553718566895 
5,2.2851412296295166 
5,2.283663511276245 
5,2.283031463623047 
5,2.283839702606201 
5,2.285377264022827 
5,2.284139394760132 
6,2.2838237285614014 
6,2.2829997539520264 
6,2.241044044494629 
6,2.2332756519317627 
6,2.2408125400543213 
6,2.2309560775756836 
6,2.23439359664917 
6,2.2384631633758545 
6,2.24133038520813 
6,2.233414649963379 
6,2.230729103088379 
6,2.2377541065216064 
6,2.234652280807495 
6,2.2329940795898438 
6,2.2338902950286865 
6,2.2371346950531006 
6,2.2323555946350098 
6,2.2287867069244385 
6,2.234666585922241 
6,2.231173276901245 
7,2.2346065044403076 
7,2.2379472255706787 
7,2.2312989234924316 
7,2.232755422592163 
7,2.2312915325164795 
7,2.236006498336792 
7,2.238480806350708 
7,2.2338249683380127 
7,2.2414183616638184 
7,2.237362861633301 
7,2.2357072830200195 
7,2.2350664138793945 
7,2.2348639965057373 
7,2.231583833694458 
7,2.2334494590759277 
7,2.232731342315674 
7,2.2330267429351807 
7,2.2350478172302246 
7,2.2380244731903076 
7,2.2300777435302734 
8,2.2322745323181152 
8,2.2346677780151367 
8,2.240194320678711 
8,2.2331321239471436 
8,2.2292287349700928 
8,2.2311644554138184 
8,2.2333321571350098 
8,2.231973886489868 
8,2.230663776397705 
8,2.2306673526763916 
8,2.236163854598999 
8,2.2339677810668945 
8,2.23637056350708 
8,2.235062837600708 
8,2.2338740825653076 
8,2.232279062271118 
8,2.23358154296875 
8,2.234771490097046 
8,2.2333507537841797 
8,2.234753131866455 
8,2.2321617603302 
9,2.2354977130889893 
9,2.232393980026245 
9,2.2348687648773193 
9,2.2311007976531982 
9,2.2328665256500244 
9,2.2347002029418945 
9,2.2307050228118896 
9,2.2348554134368896 
9,2.234098196029663 
9,2.2357070446014404 
9,2.235374689102173 
9,2.2326157093048096 
9,2.2307121753692627 
9,2.232776641845703 
9,2.2335736751556396 
9,2.229532480239868 
9,2.2391159534454346 
9,2.2331173419952393 
9,2.2293269634246826 
9,2.2307705879211426 
10,2.227480411529541 
10,2.234339475631714 
10,2.2340314388275146 
10,2.2321841716766357 
10,2.229583501815796 
10,2.23268985748291 
10,2.2313923835754395 
10,2.238123655319214 
10,2.2392070293426514 
10,2.2322661876678467 
10,2.236973762512207 
10,2.2323715686798096 
10,2.2318742275238037 
10,2.2305428981781006 
10,2.2377233505249023 
10,2.233901262283325 
10,2.232015371322632 
10,2.235527276992798 
10,2.233701705932617 
10,2.234891414642334 
10,2.236832618713379 
11,2.234220027923584 
11,2.2329211235046387 
11,2.228895902633667 
11,2.232961416244507 
11,2.233098030090332 
11,2.233754873275757 
11,2.234133005142212 
11,2.2296674251556396 
11,2.230184555053711 
11,2.23140287399292 
11,2.233614921569824 
11,2.2341930866241455 
11,2.229163408279419 
11,2.2322404384613037 
11,2.231820583343506 
11,2.2299160957336426 
11,2.229848623275757 
11,2.2320261001586914 
11,2.227747678756714 
11,2.2363834381103516 
12,2.2310500144958496 
12,2.233490228652954 
12,2.2304186820983887 
12,2.232172727584839 
12,2.2299067974090576 
12,2.235944986343384 
12,2.231990098953247 
12,2.2270290851593018 
12,2.2305095195770264 
12,2.231611967086792 
12,2.226431131362915 
12,2.230372428894043 
12,2.2316231727600098 
12,2.227071762084961 
12,2.229078531265259 
12,2.2344396114349365 
12,2.232189655303955 
12,2.2319042682647705 
12,2.23140811920166 
12,2.2331111431121826 
13,2.228301763534546 
13,2.2309253215789795 
13,2.2301151752471924 
13,2.2292604446411133 
13,2.2290358543395996 
13,2.229065418243408 
13,2.2352211475372314 
13,2.227552652359009 
13,2.2295002937316895 
13,2.2334771156311035 
13,2.2280147075653076 
13,2.2282159328460693 
13,2.2321267127990723 
13,2.233114004135132 
13,2.2292113304138184 
13,2.23148775100708 
13,2.2339272499084473 
13,2.234858989715576 
13,2.2369346618652344 
13,2.227940320968628 
13,2.2322633266448975 
14,2.230178117752075 
14,2.230534553527832 
14,2.232595205307007 
14,2.2310004234313965 
14,2.234908103942871 
14,2.23000431060791 
14,2.2276382446289062 
14,2.233879804611206 
14,2.237691640853882 
14,2.2308223247528076 
14,2.225759506225586 
14,2.2260353565216064 
14,2.233078718185425 
14,2.2342233657836914 
14,2.233473777770996 
14,2.23061203956604 
14,2.2307658195495605 
14,2.2323644161224365 
14,2.225867509841919 
14,2.230025053024292 
15,2.2349400520324707 
15,2.228454828262329 
15,2.2350311279296875 
15,2.229240655899048 
15,2.231828212738037 
15,2.232551336288452 
15,2.229276657104492 
15,2.2278218269348145 
15,2.229978561401367 
15,2.2349014282226562 
15,2.2307870388031006 
15,2.2281155586242676 
15,2.2304115295410156 
15,2.2375261783599854 
15,2.22544264793396 
15,2.2283921241760254 
15,2.232375144958496 
15,2.236476182937622 
15,2.2350223064422607 
15,2.230509042739868 
16,2.2342171669006348 
